GeneSymbol	B.cells.naive	B.cells.memory	Plasma.cells	T.cells.CD8	T.cells.CD4.naive	T.cells.CD4.memory.resting	T.cells.CD4.memory.activated	T.cells.follicular.helper	T.cells.regulatory..Tregs.	T.cells.gamma.delta	NK.cells.resting	NK.cells.activated	Monocytes	Macrophages.M0	Macrophages.M1	Macrophages.M2	Dendritic.cells.resting	Dendritic.cells.activated	Mast.cells.resting	Mast.cells.activated	Eosinophils	Neutrophils
ABCB4	369.922351962727	1899.17224244732	0	0	0	1735.18831058158	0	0	1137.7216047749	0	4182.15678213881	1065.00718158374	2928.47902598448	661.680022415699	297.18059117193	1192.96260482992	721.814613957719	0	32.9999098292296	0	0	23.9980486498429
ABCB9	1	1	1	1	1	1	1	1	1	1	1	1	1	951.247932292392	1	1	1	1	1440.78247405065	7287.81261972168	1	6106.52277749828
ACAP1	2841.11897870666	4713.28269549406	1	1189.74027697975	1	1	1	1	2696.30901535915	1	1	1	1	1	1	1	1	1	1	1	1	1
ACHE	1255.05340852684	602.544460975221	0	0	0	29.8117056177977	0	0	0	5.02932061800889	0	1326.0254061489	0	329.868315207207	0	734.74401491372	0	0	180.713301817602	6815.49889149717	263.532695297986	2383.55323447331
ACP5	1	1	1	1	1	1	1	1	1	1	1	1	1	48905.7289429408	1	42405.01779226	1	1	1	1	1	1
ADAM28	789.083402831142	1691.44144339826	0	156.687885308466	0	308.519381845283	0.0642016183605454	0	301.845675449736	388.956119664337	0	0	799.425903170421	44.9843316408386	207.860561184225	33.0554750799719	0	0	0	0	0	0
ADAMDEC1	2200.03686714082	3371.90467425812	0	1314.0934403317	488.584846440781	0	829.226736014444	0	2599.73319069664	7572.63921450164	0	0	0	688.054284012184	2042.66464622218	0	0	0	0	0	0	0
ADAMTS3	427.218110917772	0	0	0	158.796850491773	82.1895574802953	0	0	0	11771.1459268295	0	0	0	234.567101138888	0	723.659773874077	0	0	2270.60412129405	473.680766661088	6818.74171439925	0
ADRB2	117.753556625994	0	0	248.479428972581	0	1144.32495899172	0	0	0	1680.85889910769	0	2062.05325295083	593.250821798839	30.5358822504376	0	324.992528856407	0	17.8110846760108	771.380602712055	1385.43687695904	2195.19764515364	0
AIF1	0	6574.1543989656	0	9425.60818988162	0	6996.06006993467	7367.43418607445	0	1029.84558154801	10225.5288486236	0	0	44611.0362292967	2106.58680719525	10648.1549672629	4480.73458453587	0	0	0	9927.16413808496	0	0
AIM2	0	13156.1111117773	0	0	0	3998.37787478634	8023.65576145607	0	0	0	0	0	0	4485.79666582773	3552.99704407164	0	0	0	0	21801.9956640061	0	39275.9818259661
ALOX15	0	0	0	0	0	1597.29317480518	0	0	0	0	1134.15042540672	1280.30849028914	764.506414720655	0	0	0	3299.05726098754	0	706.504550629278	0	0	0
ALOX5	1174.47429938887	4141.69082281121	0	880.299663562698	0	1835.57331399679	305.050450017129	0	3050.00246289541	0	0	0	5507.2477320746	620.234224392425	1669.50018252894	815.774578709898	0	0	0	2941.01884289101	0	150.785212459696
AMPD1	39.6951919222827	142.384277727688	214.220983219415	31.7394959962254	0	10.4588627790245	0	0	160.221416125055	289.5726146265	0	0	58.8747050361987	0	25.4687904027704	0	0	0	0	0	0	0
ANGPT4	12.7943151846255	0	0	0	0	17.7595119251261	0	0	0	15.9061683169955	0	0	0	10.4267724625936	0	6.00451735859513	149.07074880751	0	28.3901531131485	0	0	11.8012577563479
ANKRD55	279.815695916469	592.418847667283	0	0	0	113.195557533202	0	45.6967744359345	0	0	384.151859822988	0	0	28.7717947318146	182.001991765113	0	257.682165677892	0	0.0998021906226609	0	0	0
APOBEC3A	0	0	0	0	0	0	1121.36084080702	92.8471658239327	0	6164.86333601342	853.473488271688	0	64.1700871859127	0	530.242281304984	0	0	4630.7622299853	0	0	1163.02343895226	195.923980687194
APOBEC3G	0	0	0	1241.75814028787	0	1375.2440556472	6091.11272513354	0	0	411.746958567035	0	1345.73078572527	2703.13107480933	2873.82363964872	725.694845591525	0	0	0	602.453223888597	0	0	0
APOL3	1	1	1	4128.47788359754	1	1	1	1	1	1	1	1	1	1	8694.12933367702	1	1	1	1	1	1	1
APOL6	1	1	1	3731.18403983159	1	3911.71948830599	1	1	1	1	1	1	1	1	15895.6031947392	1	1	1	1	1	1	1
AQP9	1	1	1	1	1	1	1	1	1	1	1	1	1	611.560257535607	1	1	1	1	1	1	1	7018.15852998732
ARHGAP22	0	0	0	0	0	1523.03349235939	0	0	0	0	390.802854833526	274.979688641153	384.546027717571	448.160009503956	0	1033.30854664497	0	0	0	4234.57293287447	0	4130.4816553541
ARRB1	2.37595934441797	0	0	0	5587.93640373761	3758.45995889276	0	5223.76612366125	3620.59272690354	8895.63402530081	3546.48555470517	4320.44171285044	6057.3021290776	3276.52213793013	0	6102.59859980993	10641.8914809452	1654.91247629269	6160.48631480457	0	12683.6788381387	1925.35282799237
ASGR1	113.473128245255	0	0	0	1214.67766061556	64.2172939889265	0	0	0	0	0	1361.29288761284	320.646483153949	268.421335764203	0	278.150550457658	0	0	0	1217.40764084609	0	245.894213414637
ASGR2	248.879880298898	0	16.3468941407304	44.578102186542	0	39.5507464112957	0	0	78.8121587674833	0	0	857.169807708565	89.6261528770495	68.9670009738981	0	149.922540279973	0	0	0	0	0	0
ATHL1	2950.02357091295	9168.44370979484	0	273.0234868215	11823.8717111965	439.976019542106	1325.82531342241	4034.45690436187	0	0	12762.9353527809	9098.0341206199	2386.20313289553	1049.23106338336	0	4070.99884186157	0	0	0	0	0	0
ATP8B4	3.63964483388072	145.368573468523	0	47.7336051125217	0	209.454584644438	3.78284499987668	0	0	227.543097416024	0	0	448.145663478123	28.0911664468806	153.198533186631	118.880596993884	0	70.4640574609778	0	316.193552188364	0	47.4070063210109
ATXN8OS	0	6.69925790072204	2.82342892058973	0	0	0	0	0	0	1.79543411614668	4.80167518707702	3.99411945626995	0	0.797385277514433	0.208743602152051	2.25246392458134	0	0	2.86167741948197	0.080412839022737	6.38758786376451	0
AZU1	12.2623474407263	0	0	0	0	0	0	0	3.97024695760001	0	15.1931324792992	308.58866306628	279.802356137555	26.655539746741	0	24.6667777771733	114.745483562594	0	0	4.28317942294283	0	0
BACH2	657.489048985974	0	0	0	5570.01877797331	2140.60863113683	0	0	0	7.76938729267094	0	1826.64105831111	0	163.117628127293	0	0	0	10558.1113062912	1745.14496234678	0	0	0
BANK1	3249.51666992182	5588.8848885956	1	1	1	1	1	1	1	1	1	1	1	1	1	1	1	1	1	1	1	1
BARX2	0	0	0	0	0	732.200399959565	0	0	0	1091.94240208144	0	0	0	722.990091644333	0	0	3825.00831695697	14526.8054371915	136.449509289283	0	0	2628.53074114133
BCL11B	505.508553163298	1119.89123328901	0	465.460949483424	0	699.311856710831	251.710115027141	0	9.40221749785248	0	0	1382.46702326561	0	48.41726131604	0	0	710.462598773478	12306.8477469199	352.500772647824	470.837115367803	0	6431.95218816733
BCL2A1	1	1	1	1	1	1	1	1	1	1	1	1	1	23538.1434723581	1	1	1	1	45923.4122330744	1	1	1
BCL7A	1288.32453629351	0	0	0	11710.793177252	3116.2956243882	0	4445.7179236167	0	0	5180.61903234831	0	0	1763.32141687346	0	2643.0545678029	1530.6732681582	12921.1735552074	5029.35916877867	221.548843097069	15909.3399989597	0
BEND5	1150.37364800767	0	0	0	7164.86890044138	1171.16264123655	0	1103.58571177938	0	214.354923401754	2109.13459301138	527.816543128215	0	439.54122521394	0	866.954536456791	0	2047.70867197908	4035.86943158486	0	1494.6489214017	0
BFSP1	261.388406322795	0	0	0	1808.83167632894	3983.87257574807	0	1152.85545631649	0	0	3423.08437083728	0	1259.10185283738	1321.3027611278	1435.34172116822	1362.90730044191	9260.53282157486	0	4023.15210879434	7943.97557137713	0	1057.72553749452
BHLHE41	1	1	1	1	1	1	1	1	1	1	1	1	1	12329.4867573383	1	1	1	1	25885.2877523648	1	1	1
BIRC3	5922.53134369466	5893.73087618309	0	549.837038757636	0	3634.4533279227	3555.89177959596	0	0	0	0	0	0	754.430987576503	2525.46898485662	0	0	0	0	6861.5347699844	0	18085.2759507119
BLK	2755.3269345634	4347.38399231972	1	1	1	1	1	1	1	1	1	1	1	1	1	1	1	1	1	1	1	1
BMP2K	207.224157458664	0	0	0	4498.34049342168	1949.95602981794	251.996878849848	632.238133158732	0	595.502793587846	1345.70859693853	0	294.211749537413	379.978778783869	864.607776448533	848.032438422582	128.112333051665	2616.68430274066	977.346671221455	569.088196014714	465.320312879633	133.262820876681
BPI	31.2600559679543	35.7830826132288	0	0	0	0	0	0	0	0	0	648.031323132795	1767.86624209635	43.6158713754938	0	47.0308801594233	0	0	0	814.816860570501	0	30.4857103697521
BRAF	1	1	1	1	7787.20830668867	3967.88115741389	1	1	1	1	1	1	1	1524.63301925727	1	2101.38165811762	1	1	1	1	1	1
BRSK2	0	0	0	0	0	0	0	0	0	0	406.107389972726	672.668690628473	0	547.594340586985	0	1348.29403871857	2220.47064367037	1908.92036629562	212.45999185961	0	2317.1747763364	0
BST1	0	182.328399558443	0	0	6934.38541549732	1057.08316755088	0	0	0	3423.38749570886	6051.30834212922	0	6475.33581710072	659.913521873834	1763.74592341126	3322.3858293621	0	7325.68597252939	6675.15625006978	0	0	1852.47751168739
BTNL8	0	0	0	0	0	0	0	0	0	0	0	0	0	0	329.464192615542	0	1032.8286938434	0	0	2106.18295066541	0	2115.46597511495
C11orf80	1	1	1	1	1	1753.71898482891	1	1	1	1	1	1	1	1351.95401223407	1	1167.24934633406	1	1	1949.67910419932	1	1	1
C1orf54	1	1	1	1	1	4127.19634511062	1	1	1	1	1	1	1	1767.14610998323	1	3104.95375923959	1	1	1	1	1	1
C3AR1	0	0	0	2510.46960892201	0	4847.47156146513	0	0	0	2862.75387010192	0	0	14982.4134758598	1857.193373698	2829.55446792495	3391.12059146677	0	0	0	8693.46859488518	0	0
C5AR1	0	0	0	295.786328641092	0	2584.63151837767	0	0	0	1675.35101087781	0	0	8877.12522165047	1588.61599118652	0	2962.91454937727	0	0	0	2632.41746622931	0	0
C5AR2	1	1	1	55.7746771411899	1	100.073730029418	1	1	1	1	1	1	233.211731709264	72.9987126407265	1	105.768132043743	1	1	1	1	1	1
CA8	0	0	0	0	0	963.39202542082	0	5793.65647064545	0	0	1299.03033948405	0	667.474855796618	828.173417931875	340.037743009773	987.492491768256	6543.94565989066	0	0	3049.20955559682	25790.418647863	5024.70488679563
CAMP	333.695817147722	397.478360904142	143.907535766812	0	0	749.010971097632	0	0	0	0	538.194426301819	1120.14439257316	3150.509536905	310.988300791835	198.380858215345	0	1162.47717859866	0	0	0	0	0
CASP5	0	0	0	95.1618057929417	108.190316786081	16.7963999344861	405.856579130251	0	0	0	5.77080047797188	0	252.315414196131	5.82124206873026	98.8020144941034	18.0582697963382	0	0	0	294.35287998933	0	448.35731769251
CCDC102B	865.818337547863	128.482632768322	0	0	306.808387069831	1554.3408596139	0	0	0	1345.84624457071	0	714.303940141498	0	277.448845814704	0	548.507196793021	0	3087.29114753519	383.579064675233	0	0	0
CCL1	0	65.2106828918185	0	16.332446465037	0	0	88.9013854440577	0	0	139.87870970778	80.29523604806	0	0	9.32187817758996	0	0	126.280346413802	0	147.537674943448	0	0	0.230294758805002
CCL13	0	7743.49958530511	0	0	0	2995.24769016097	0	0	0	0	0	0	12096.5616088291	422.38538857136	0	3625.60660357753	5215.29010515779	1769.67041518707	0	7549.54962805932	0	0
CCL14	180.069055874924	130.701899804445	0	0.405839274422442	0	99.8161952520985	1.49180374792105	0	461.215293069467	172.010348896996	0	0	0	14.7720025047159	0	30.4082938315545	258.971903736319	0	239.401446809044	0	0	0
CCL17	0	836.398474095329	0	0	0	0	0	4777.59280567527	1313.13839429925	0	5202.31678863279	1518.40724078301	2605.86114740009	539.137328333832	948.117316881249	882.392068582992	3605.07663051489	32876.594666251	2252.21088154668	0	6711.10609026636	0
CCL18	6963.71887676737	0	0	0	0	0	2902.84683234021	0	2718.56141137418	0	0	55654.093158579	0	4335.46128723783	0	15878.6029482116	17779.517068794	0	0	51792.3666778511	0	0
CCL19	77778.1564120723	103191.400070329	1	1	1	1	1	1	117156.525429244	1	1	1	1	1	1	1	1	1	1	1	1	1
CCL20	0	0	0	0	0	3533.39079579859	864.217497286267	0	0	0	0	0	0	1855.05861513075	10.676063727473	0	0	0	0	49202.3554120643	0	44709.3677774606
CCL22	1	1	1	1	1	1	1	1	2930.24565020645	1	1	1	1	1	1	1	1	34110.8703669857	1	1	1	1
CCL23	93.6884641100067	0	0	38.0021990437001	0	74.7636599364997	0	0	0	0	979.334558488373	590.515414771417	0	0	0	544.227864254145	0	0	93.0166455508896	2050.31954974345	0	0
CCL4	1	1	1	6538.61520222783	1	1	1	1	1	1	1	1	1	1	1	1	1	1	1	1	1	1
CCL5	1	1	1	60190.7040117797	1	1	1	1	1	1	1	1	1	1	1	1	1	1	1	1	1	1
CCL7	0	0	0	0	0	62.9619533422408	1213.80747438935	0	0	599.024125687667	0	0	1250.80388353842	334.961528687558	184.433606366861	0	0	136.857511075464	0	333.883568791396	0	2149.11161096484
CCL8	0	0	0	508.02825326748	0	0	5340.99457765254	0	0	3706.22343548277	2493.58607466013	0	3353.22231937073	78.8692690059552	5463.4404315771	25.7550633484332	0	0	0	1032.79725728329	0	0
CCND2	5208.20969695106	0	0	345.794724810379	0	13565.0714890195	0	0	0	0	0	18546.3714285056	0	0	0	0	0	46238.499268995	0	0	0	0
CCR10	0	149.919380365798	0	0	0	40.2259661579931	0	3003.64005568272	0	0	0	0	0	390.981236824103	0	248.776730423288	0	2496.92086970562	308.810601950477	2015.74603654457	0	0
CCR2	270.722292932695	699.61963989512	537.292367258378	597.941402641789	0	761.089527005394	258.932502192946	0	995.436314523104	465.994365008154	0	0	1021.01603501112	0	708.360066975132	0	0	0	0	0	0	0
CCR3	0.842579618072295	5.34372112570068	0	8.90939617457954	0	35.1593867520974	13.0192156274562	0	6.20303556947502	34.5360638616657	0	10.8404066083421	0	1.03442093151392	0	0	0	0	0	97.133061319952	0	107.88016679017
CCR5	1	1	1	3216.05011532111	1	1	1	1	1	1	1	1	1	1	1	1	1	1	1	1	1	1
CCR6	110.390389608813	178.312495645739	1	1	1	1	1	1	1	1	1	1	1	1	1	1	1	1	1	1	1	1
CCR7	8712.92748741505	12612.9267480011	1	1	1	1	1	1	11088.2943037968	1	1	1	1	1	1	1	1	1	1	1	1	1
CD160	91.5849107756218	1.42723201060858	0	62.8767974895183	255.521448007072	141.391196099814	0	0	0	350.721727289507	26.6558560500318	0	8.29477549010392	22.4612853566438	78.4409939152976	47.4957008062533	0	0	97.5409500204289	126.997890625375	44.7052610246696	0
CD180	1720.4856962366	2695.31736862338	1	1	1	1	1	1	1	1	1	1	2373.03670332098	1	1	332.195307065552	1	1	1	1	1	1
CD19	7304.58597697844	9679.10886346505	1	1	1	1	1	1	1	1	1	1	1	1	1	1	1	1	1	1	1	1
CD1A	1	1	1	1	1	1	1	1	1	1	1	1	1	240.50716477737	1	1	6493.97854969626	9422.77708354018	1	1	1	1
CD1B	1	1	1	1	1	1	1	1	1	1	1	1	1	50.3940216621379	1	1	1631.15283558667	1	1	1	1	1
CD1C	2519.26092181277	4186.61161727268	1	1	1	1	1	1	1	1	1	1	1	1	1	1	5494.21912367387	1	1	1	1	1
CD1D	1019.50350211921	1815.1534429693	0	243.317981938324	0	419.184862958997	0	0	153.701471483278	849.001661036406	0	318.925221224813	2658.30460761777	312.105011023355	933.265662505273	97.1492312960669	0	0	0	0	0	0
CD1E	412.000340074511	878.683452408737	0	0	46.6577549040929	325.081491660986	0	0	654.286866365179	0	0	0	0	25.8712124702423	126.714963678828	0	1977.0982977077	1295.40467077103	0	0	0	0
CD2	1	1	1	12018.4477845102	1	1	1	1	1	1	1	1	1	1	1	1	1	1	1	1	1	1
CD209	1	1	1	855.142053718205	1	1	1	1	1	1	1	1	3584.21399412639	1	1	1824.18580949008	1	1	1	1	1	1
CD22	10805.071651136	8870.89572328653	0	0	0	0	0	0	1257.57458792315	50319.4474760911	15968.7189203531	4171.41324667409	4097.07930972773	41.5196819941225	0	0	0	0	6747.85749587659	0	79117.1012477113	0
CD244	482.332724793392	0	0	551.704201454541	0	243.985935922294	59.0304249148949	0	0	2274.77670593274	0	0	340.062948164051	0	148.056310295117	0	1426.18564359681	0	616.555787215302	1870.94926239442	1539.29871226504	0
CD247	1906.96169545163	2550.61249984057	1	1529.89739511056	1	1	1	1	1	1	1	1	1	1	1	1	1	1	1	1	1	1
CD27	4782.88473005696	8173.55206212803	1	7147.59796856757	1	1	1	1	8891.47915835607	1	1	1	1	1	1	1	1	1	1	1	1	1
CD28	1116.77225221129	1695.25645529321	0	291.136334752275	521.278710348258	472.232517027705	0	0	584.035238320157	479.465006454974	0	0	1131.79082919753	99.9299660482392	211.443693741062	318.834666399663	0	0	0	512.236473151823	1356.62314720789	0
CD300A	1	1	1	1165.3121125336	1	1	1	1	1	1	1	1	9412.67843623859	1222.44938662612	1	1147.86036490064	1	1	1	1	1	1
CD33	90.5492425303914	0	0	0	0	950.310525807073	353.281812950645	0	0	368.180626704037	0	577.070989265329	1674.28428612762	461.202307173831	222.775492201916	435.77842872741	0	0	0	0	0	0
CD37	14688.0095638709	18894.8382061839	1	2620.80638917623	1	1	1	1	13641.2329020812	1	1	1	1	1	1	1	1	1	1	1	1	1
CD38	850.538268793426	26.1156615135472	167.613487845203	1305.73253118012	0	266.901695042661	1.94382390410131	0	0	987.395647274901	0	0	1496.45766192239	0	1962.94539875429	0	0	0	0	1.78741100054044	0	0
CD3D	7477.27823718233	13060.6244279798	1	9767.55516979032	1	1	1	1	1	1	1	1	1	1	1	1	1	1	1	1	1	1
CD3E	8412.99871094623	13151.0578374995	1	9501.08938834701	1	1	1	1	1	1	1	1	1	1	1	1	1	1	1	1	1	1
CD3G	1174.93053850142	1929.09726999362	1	1330.43825283322	1	1	1	1	1	1	1	1	1	1	1	1	1	1	1	1	1	1
CD4	4848.47512059738	4669.2346770155	0	8014.46510564192	0	7057.22405739399	0	0	13380.5922694548	1604.86234268174	33813.8507703097	0	14095.742973245	1383.38188389061	3084.07627138192	5598.99017216046	0	0	2339.63573316362	0	0	0
CD40	6515.97705917387	1	1	2214.16412464401	1	1	1	1	1	1	1	1	12787.1588943959	2966.30409898055	1	1	1	1	1	1	1	1
CD40LG	1591.11199179283	2924.84202836691	1	1	1	1	1	1	1	1	1	1	1	1	1	1	1	1	1	1	1	1
CD5	3228.08465155668	4621.20877622843	0	1624.98601020318	578.74651674637	206.544718804727	63.396035057765	0	6704.53669149775	0	0	0	0	0	0	0	0	0	0	0	0	0
CD6	1943.45435979304	2837.76648294582	1	1493.69900258339	1	1	1	1	3329.81470296684	1	1	1	1	1	1	1	1	1	1	1	1	1
CD68	0	0	0	409.110372548528	0	0	314.355876403871	0	0	78.1103500965125	1634.50633375165	1468.57015298726	993.564455374431	491.78649127183	0	732.395538547342	497.95560860656	0	201.352746791094	0	0	2987.61804727979
CD69	2479.43578548488	4378.78584638836	1	538.173449905771	1	710.98099937706	1	1	1	1	1	1	1	1	1	1	1	1	1	1	1	1
CD7	1	1	1	5118.63347383888	1	1	1	1	1	1	1	1	1	1	1	1	1	1	1	1	1	1
CD70	1	1	1	1	1	1	1	1	1	1	1	1	1	1	1	1	1	1	1	88146.9679827044	1	1
CD72	2710.98983122604	2424.4589183032	1	1919.53768848471	1	1	1	1	1	1	1	1	2794.60827810591	1	1	1	1	1	1	1	1	1
CD79A	42501.437430578	46363.0098190846	1	1	1	1	1	1	1	1	1	1	1	1	1	1	1	1	1	1	1	1
CD79B	18023.8411747585	16692.9896205363	1	1	1	1	1	1	1	1	1	1	1	1	1	1	1	1	1	1	1	1
CD80	29.0563937254116	223.770864042952	0	95.0862988012579	0	260.871753193313	197.299013204134	0	0	145.192209637101	0	0	35.7849577747478	40.7996122964359	291.976209518389	9.8239788143077	0	257.885544249481	0	123.932383614341	0	0
CD86	34.5136152727376	1247.64443293395	0	1605.50454178203	0	1283.10531553835	725.482287524801	0	0	2788.56268205764	0	0	5631.22911453421	484.97845011122	2291.28525464767	825.514722324548	0	0	0	247.731296762446	0	0
CD8A	1	1	1	11473.8075106185	1	1	1	1	1	1	1	1	1	1	1	1	1	1	1	1	1	1
CD8B	1	1	1	4882.79114070106	1	1	1	1	1	1	1	1	1	1	1	1	1	1	1	1	1	1
CD96	1005.88079442736	874.157487588334	0	1026.40032396528	0	733.42156567455	301.671970166129	0	955.57290198746	0	0	0	1569.57019873108	247.914598236833	0	0	0	0	0	0	0	704.363004873703
CDA	0	0	0	0	0	0	0	0	0	0	0	15141.2208409551	0	5854.60203784116	0	0	8250.82426364489	87400.7018874491	205.668707647475	0	0	15005.522711721
CDC25A	1	1	1	1	12317.3262402957	2207.55416550119	1	1	1	1	1	1	1	1891.37359667685	1	1518.83244338352	1	1	3652.28069035934	1	1	1
CDH12	295.203299717488	0	0	0	0	781.186631023595	0	0	0	0	0	160.209816029287	731.013019293122	197.473822620061	0	0	295.431627797602	6.91668494366727	502.201375413641	0	0	0
CDHR1	0	2238.95924109166	0	0	1882.24032482629	0	0	0	1244.81232794295	0	0	310.184088062895	0	0	0	303.459081709054	3645.94201415076	1085.26452338631	1083.48059066996	797.181808462584	0	8.90385084191358
CDK6	1994.63573513537	0	0	0	0	18259.6267481749	0	0	0	0	16043.4248123815	0	14321.1301783548	4649.14254470591	0	4436.89664773612	0	0	5653.04443262692	328.793251166176	0	0
CEACAM3	1	1	1	1	1	1	1	1	1	1	1	1	1	1	1	1	1	1	1	501.108664741307	1	696.492158760019
CEACAM8	2.83475685222081	0	0	0	0	12.6901014352675	0	0	0	0	12.6261065711466	11.7802732994364	65.9879569775188	1.63292103578518	0	0	14.5928859203545	45.7959218595199	0	1.72475861223726	0	0
CEMP1	0	0	0	0	0	0	0	0	0	0	0	0	0	0	0	0	0	0	0	0	0	0
CFP	1089.46827834283	1	1	231.449162709869	1	1	1	1	1	1	1	1	1003.99245796536	94.9643562412308	1	1	1	1	1	1	1	1
CHI3L1	30823.1290584358	0	0	0	0	0	0	0	0	145311.904322283	7001.74126367747	176069.370114693	0	2398.84562747545	0	0	11618.3457575888	0	0	0	0	57669.757192646
CHI3L2	1	1	1	1	23277.9752045614	1	1	1	1	1	1	1	1	760.353508700647	1	1	1	1	4578.96788874543	1	1	1
CHST15	1225.20700463878	0	0	372.501547341819	0	1962.32324795973	0	0	612.505761088161	1186.14561795596	0	83.2806165712921	1141.3226938037	1003.69151668258	395.293769087628	1490.18617675698	0	10550.5659763067	0	2733.60656422977	0	0
CHST7	1	1	1	1	16776.3861280052	1	1	1	1	1	1	1	1	705.602826742503	1	795.161148914862	1	1	1	1	1	1
CLC	47.3881407887681	0	3.50448724725619	6.69155067312666	4.25296515938588	0	13.5624299142995	0	30.4520280364156	5.14012734985659	0	0	0	2.22414491071227	0	9.52631294188865	28.6015263684703	0	0	2.37362257706513	113.601739492989	0
CLCA3P	0	0	0	0	1.38774729085081	33.2209482048188	1.24016413457392	0	0	2.92039961045696	0	0	0	2.40111912081417	13.4572402431124	0	39.161383827479	70.0786042638199	0	0	0	134.41270557818
CLEC10A	1653.34555631954	0	0	993.931935368306	0	1101.39227697166	253.339486831309	0	1653.7717607825	4562.96658037092	0	0	1788.39815818547	165.969446453437	893.044712532584	173.184527826282	4865.1155153483	0	0	0	0	0
CLEC2D	1034.73477549223	5457.05785893299	0	274.281977740817	2124.15789235083	427.92727199667	849.757521372334	2355.36304179032	0	1270.29856276452	3267.56248021389	288.577350546374	357.159014351127	0	503.642805103213	984.014917967187	3256.32407664861	0	425.122654747395	0	0	0
CLEC4A	1	1	1	1	1	1233.71792116006	1	1	1	1	1	1	2237.44092386502	459.088208619809	1378.09625957445	525.896759142892	1	15664.7183782846	1	1	1	1
CLEC7A	0	700.80081323367	0	492.083876009873	0	963.203434706677	471.667533186377	0	0	0	0	0	2493.68581438054	247.814092690475	1780.99945699358	331.884270460262	407.634108086923	790.930906961471	0	1518.39824376947	0	0
CLIC2	607.643096137297	4502.84583764529	0	537.364352711949	6788.55424235853	4161.48914850007	892.25077884035	0	0	5210.33085761219	0	4930.22748177534	3875.42077570517	264.322648423015	6480.58906864222	145.336193446511	0	9743.83246842449	0	0	0	0
CMA1	0	0	0	0	0	87.7067391762838	0	0	0	0	0	0	0	54.2985655484901	0	0	1585.82984704576	2837.05601586881	725.433376674654	0	0	0
COL8A2	675.216643641643	1907.08453164358	0	0	2394.23346084094	3048.60778002868	0	0	0	640.348022799155	0	3921.34171781739	0	1841.5631614022	0	484.589063588112	624.498582974395	30998.6986570047	4625.93090742569	0	0	0
COLQ	946.400848191346	1409.55591480794	0	0	840.614083201632	202.694184743034	0	396.086310926167	0	0	1341.07592085128	674.339778937865	275.798745575954	7.90270335143115	54.7647230719172	332.68776658607	504.152287100566	480.429260034479	477.126005573777	0	0	0
CPA3	0	0	0	0	0	715.082779080418	0	0	0	0	0	0	0	267.517364913846	0	0	3420.96586419024	5463.71205375126	2027.88941357772	0	0	294.409405608955
CR2	15946.7059172461	18448.4760945892	1	1	1	1	1	1	1	1	1	1	1	1	1	1	1	1	1	1	1	1
CREB5	0	0	0	0	3814.57610088785	4104.14888634055	0	0	0	0	989.486287140507	662.603889468163	0	1593.18757282006	51.8604932464667	873.072517313411	933.347628979531	9610.38535673517	2541.78020383887	2088.04582614625	0	0
CRISP3	0	0	0	0	0	89.1724546976537	0	280.436196410077	0	1918.4047989735	0	0	0	16.9327829348971	0	0	0	658.834148106528	0	0	323.099660858911	61.7092738609968
CRTAM	1	1	1	940.541838672066	1	1	1	1	1	1	1	1	1	1	1	1	1	1	1	1	1	1
CRYBB1	1	1	1	1	1	1	1	1	1	1	1	1	1662.22110717897	170.537419823069	1	449.040333224018	1	1	1	1	1	1
CSF1	0	9413.43942997943	0	3700.32334084676	0	6864.24042452744	0	0	0	4601.41924370722	0	4263.42002184875	25979.7657387387	3907.77765982511	2287.63539155239	5741.44476607442	0	0	0	578.917262054959	0	0
CSF2	0	0	0	0	0	280.738291011879	163.128618348632	0	0	0	0	470.961663398563	241.929246442859	16.453867073893	0	38.010794300912	364.584449077547	5574.8380722284	0	1235.3122926781	0	0
CSF3R	3.37978411293336	0	0	711.830681867834	0	136.644273089774	0	0	692.77823858059	0	0	464.258016280689	2479.6126770482	235.3992246247	28.5170849557474	319.69724393357	0	0	0	6886.39035240501	0	10692.1358192749
CST7	0	0	0	16600.7263616594	0	0	8989.32921977873	0	0	0	0	5017.18200827618	10355.8763055628	2814.03540694436	0	0	9940.84741377885	0	0	18669.8803170948	0	0
CTLA4	0	0	0	80.2554546476521	1115.64727900639	0	4372.54771415087	0	4625.41998980406	0	2510.06126241563	990.243969592346	0	2998.77295280123	0	0	0	0	0	7635.32785706092	7533.12132333317	14909.7986669633
CTSG	0	0	0	0	0	0	0	0	0	1686.19151366988	0	0	0	1346.79798930116	0	0	5246.73408580032	3191.50418857318	1845.39800815348	0	0	3006.81898380431
CTSW	1	1	1	6760.45338658585	1	1	1	1	1	1	1	1	1	1	1	1	1	1	1	1	1	1
CXCL10	0	0	0	20758.9250496546	0	0	24552.6879042753	0	0	31248.7108816925	0	0	7806.48571795595	0	74919.3846716734	0	0	0	0	0	0	0
CXCL11	0	0	0	1478.45341891952	0	0	4767.93411146014	0	0	8390.24819124023	0	0	0	0	9873.34913036817	0	0	0	0	0	0	0
CXCL13	23888.0547007765	42107.7014953954	0	10256.3360491187	679.987188532837	0	9272.44474780357	0	0	0	0	0	0	0	0	0	0	30593.0151779844	0	0	0	0
CXCL3	0	0	0	0	0	1.78112986663525	2296.00897760313	0	0	0	0	0	0	0	524.415478163758	125.011132642379	0	0	0	36656.4544160333	0	0
CXCL5	0	0	0	0	0	14951.0098610625	6929.57027279265	0	0	0	0	0	0	0	0	0	0	6804.53119390381	0	111026.485907418	0	15739.1554872826
CXCL9	0	0	0	32843.8757947641	0	0	24875.0121832049	0	0	51238.1286753385	0	0	0	0	47706.663583971	0	0	0	0	0	0	0
CXCR1	1	1	1	1	1	1	1	1	1	1	1	1	1	1	1	1	1	1	1	3258.02784200302	1	8896.52801238605
CXCR2	346.517757456354	0	0	0	0	0	0	0	0	332.115559620301	0	0	0	84.631398294989	0	0	782.436610268413	2455.0610167402	254.152431773434	2842.88819550061	0	5078.95692086861
CXCR5	396.359537267823	565.29968462295	1	1	1	1	1	1	1	1	1	1	1	1	1	1	1	1	1	1	1	1
CXCR6	1	1	1	1871.15021390238	1	1	1	1	1	1	1	1	1	1	1	1	1	1	1	1	1	1
CXorf57	551.597392863042	0	0	28.267428320625	5987.07790652073	1785.60353196023	111.289116186408	394.392951605782	0	700.909323032864	0	0	0	534.861924288274	367.845514323288	750.010970930929	1132.98314675356	0	1080.73281100336	0	3606.2621784097	0
CYP27A1	1	1	1	1	1	1	1	1	1	1	1	1	1	29158.3160984005	1	47720.3179858857	1	1	113631.144508192	1	1	1
CYP27B1	1	1	1	1	5109.04331064082	1969.56041172993	1	1	1	1	1	1	1	741.295887555926	1	1	1	1	1	1	1	1
DACH1	0	0	0	0	0	1195.07532001234	0	0	0	0	0	1688.42369359939	0	16.321720050014	0	0	870.302341877111	12736.2728853204	776.540034280083	0	0	0
DAPK2	2.90418037653101	0	0	45.0079996901404	893.666062712144	206.917175953806	0	0	35.4384019750986	221.415045017456	0	327.637303702954	0	109.943485163138	109.516008141298	0	667.00793939218	448.824586069032	239.825349169886	0	0	0
DCSTAMP	0	0	0	0	0	2393.95140445093	0	0	0	0	0	0	0	4618.13185173805	0	0	0	0	0	38513.1428928846	0	45976.0849623712
DEFA4	24.700852851901	63.0282231272831	0	0	0	0	0.0837476837516473	0	48.8490269702102	0	0	0	0	0	0	0	10.6262595628205	68.4590135975374	0	16.7745895792308	26.4435162908628	0
DENND5B	1	1	1	1	30675.4979389388	4227.1467120031	1	1	1	1	1	1	1	1	1	2039.31113944715	1	1	1	1	1	1
DEPDC5	1	1	1	1	1	1566.62688898195	1	1	1	1	1	1	1	1429.02978986363	1	1343.75536658936	1	1	3208.48199090687	1	1	1
DGKA	2146.03994099127	2807.27368550619	1	1	1	2151.73107473705	1	1	1	1	1	1	1	874.725121477292	1	1	1	1	1697.84193158441	1	1	1
DHRS11	1	1	1	1	1	1	1	1	1	1	1	1	1	2435.56821328467	1	1743.54373589629	8762.3739242207	1	3729.00234506574	1	1	1
DHX58	0	0	0	0	2227.96471678046	0	4408.31583757205	917.953803765489	2321.44249632554	0	3518.47437580099	670.787204444623	0	1023.2442419678	7194.81984640177	3161.33941796096	0	3480.66673427253	4844.7311984236	0	3859.76708530356	2434.57922550652
DPEP2	606.144485693169	590.090605805169	0	265.182032732881	0	161.782265293466	0	0	862.901598309948	134.004495611576	0	776.208177484223	676.952454588641	86.0024948012658	0	265.984290746827	189.68168114626	0	0	494.162615311836	0	184.016586838613
DPP4	323.20709941683	3205.96254401687	379.709977371126	0	0	0	0	0	1566.84341258404	0	0	0	0	942.218270273854	0	0	8838.22555993505	12680.8145530679	0	0	0	1402.32935641422
DSC1	0	0	0	0	2272.92913432168	0	0	0	0	0	0	0	0	466.041249499367	0	0	14783.7272108834	24621.8475033117	5220.93381948456	0	0	3657.25102327014
DUSP2	1	1	1	1	1	1	1	1	1	1	1	1	1	3303.8128514766	1	1	1	1	1	1	78689.7386784361	1
EAF2	1645.68127999606	2168.66574866127	1	1	1	633.532558238638	1	1	1	1	1	1	1521.13160678535	311.184370694846	1017.14251249807	1	1	1	1	1	1	1
EBI3	1	1	1	2047.01359747623	1	1	1	1	1	1	1	1	3966.7653577826	1	1	1	1	1	1	1	1	1
EFNA5	1623.49689002656	0	0	0	0	3525.24395925628	0	0	0	0	11189.0948233248	2926.94222936789	6100.01693889863	1870.78190152247	2956.98142150576	459.971166182858	0	0	3265.89860898053	0	0	0
EGR2	2738.05648512872	1295.91860282439	0	0	0	8419.59699823193	0	0	0	5596.0665522739	0	3629.67324745664	0	2133.04563070959	3183.76981223687	170.406166869736	4429.25956822501	0	0	9882.87230503371	25069.6980384455	7683.11868676538
ELANE	123.829681560759	0	0	0	0	0	0	0	144.965860031993	0	34.1875876974168	431.168148469095	0	57.3706476084149	0	0	0	452.606310436483	82.7192354166355	0	0	0
EPB41	6211.10670794355	1	1	1	34523.4561909669	5477.05052905059	1	1	1	1	1	1	1	2077.61308422482	1	2112.94661132351	1	1	4587.14906797425	1	1	1
EPHA1	0	0	0	0	0	44.2815825542536	0	0	0	0	0	1587.56491738944	0	391.09233007795	0	0	2826.99416145386	12679.9505127266	907.828341483841	0	0	361.290944799754
EPN2	1	1	1	1	1	2951.2837732893	1	1	1	1	1	1	5226.99421917172	1694.88148376833	1	2277.88380853395	1	1	3601.10835040979	1	1	1
ETS1	5031.86660115872	0	0	0	39951.3943076429	31504.2319758495	0	37466.7810281685	0	0	16017.2848071235	0	0	3798.69109852389	0	26172.5559709665	0	0	37543.8664281706	70896.5719311867	153734.565705935	0
ETV3	1	1	1	1	25278.0765964193	7145.80588823801	1	1	1	1	1	1	1	4641.97801874673	1	6575.4661268715	1	1	1	1	1	1
FAM124B	1	1	1	1	1	302.113192768238	1	1	1	1	1	1	577.443398682939	120.629889590203	1	149.77940659694	1	1	1	1	1	1
FAM174B	1	1	1	1	38695.9532311342	1	1	1	1	1	1	1	1	1	1	12388.8408443083	1	1	13649.2369034932	1	1	1
FAM198B	0	0	0	0	4876.25339474139	16056.7773141315	0	6522.54634436743	0	22089.1219981499	0	0	20879.4168310004	1726.80375023074	5570.16143392363	6993.46093048601	0	28519.508230427	0	0	0	0
FAM212B	83.3222280980395	1245.35843562755	0	0	1782.07205049773	0	0	0	0	0	0	6.54330166924715	1112.00099120116	544.335580627744	0	1151.73276056925	826.038771400585	0	4541.32823183327	0	0	0
FAM65B	2610.45338425937	2036.56734897439	0	0.271096729441115	5826.89377181543	1317.68595524659	0	6488.26289638551	0	0	8413.18136049434	0	0	573.215787394622	2181.80057409113	1298.42815631192	4035.8088034513	0	3453.08504601172	7144.63745192223	5968.29067268827	0
FASLG	1	1	1	1339.86645750332	1	1	1	1	1	1	1	1	1	1	1	1	1	1	1	1	1	1
FBXL8	1	1	1	1	1	1	1	1	1	1	1	1	1	727.603456770445	1	1617.52502553833	1	1	1777.13072223019	1	1	1
FCER1A	1	1	1	1	1	1676.5079068605	1	1	1	1	1	1	1	1	1	1	5877.62604765452	1	1162.74572277716	1	1	1
FCER2	9626.42212970367	7810.37296869316	1	1	1	1	1	1	1	1	1	1	1	1	1	1	1	1	1	1	1	1
FCGR2B	1	4516.35824299834	1	1	1	1	1	1	1	1	1	1	1	1306.92775909594	1	1	1	1	1	1	1	1
FCGR3B	1	1	1	1	1	1	1	1	1	1	1	1	1	1	1	1	1	1	1	6921.51847032535	1	11237.7052669329
FCN1	1	1	1	651.290370152862	1	1	1	1	1	1	1	1	7947.48959124302	462.131038108235	1	1	1	1	1	1	1	1
FCRL2	1141.10210630008	1897.81004503563	1	1	1	1	1	1	1	1	1	1	1	1	1	1	1	1	1	1	1	1
FES	1	1	1	1	1	1	1	1	1	1	15238.4790182404	1	1	4730.15116617934	1	3740.27634284863	1	1	10678.9242323884	1	1	28171.9500660068
FFAR2	0	0	0	119.07634979702	0	173.171194874708	0	280.922215342472	73.3387286542074	0	0	0	0	67.797329978596	396.737923559662	0	1530.83000009086	6120.04743448408	0	1530.28820327147	1448.53782149428	3861.6604855887
FLT3LG	204.113778076774	362.499552454082	0	56.9651508984918	592.194717002142	202.9352692121	377.786576498471	0	506.406195871776	76.7199000433865	79.1532347843662	1566.05183874077	206.71596454639	160.556708258534	451.592102363633	130.832394348873	175.890996361812	47.5836963562084	108.588805428041	0	0	0
FLVCR2	1	1	1	302.816054776694	1	1	1	1	1	1	1	1	1902.07407015117	421.607958565473	1	456.606863498083	1	1	1	1	1	1
FOSB	1148.50687079615	0	0	0	0	7386.13552684199	0	11859.0353018399	0	48642.8593908096	0	2499.2171383387	3348.67573079932	1870.77277576044	0	355.442114814648	7574.83691800678	7494.99827498816	0	3282.93584385667	198710.182510809	0
FOXP3	1	1	1	1	5998.92910825889	1	1	1	5548.20934062587	1	1	1	1	1	1	1	1	1	1	1	1	1
FPR1	0	0	0	755.562136005753	0	133.650880953797	1249.81833914547	0	0	1441.77261570999	0	0	9775.82449047696	428.873284282888	545.442164546028	915.532479428363	0	2226.33945820839	0	15705.4776082395	0	12722.5810817589
FPR2	1	1	1	1	1	1	1	1	1	1	1	1	1	1	1	1	1	1	1	5881.53247656569	1	3964.95102426829
FPR3	0	0	0	1775.51138359436	0	3101.25203094825	0	0	517.406972295185	6305.9346607376	0	0	9483.59351197194	1542.605763919	4811.02981203614	3565.54786469916	0	0	0	0	0	0
FRK	0	0	0	0	1840.53944851526	742.593385953675	0	0	0	0	0	37.5618128433871	0	111.760012305741	111.831489142827	139.738202295515	0	1069.92361932973	385.845264901418	242.146489453344	0	0
FRMD4A	592.468532201793	0	0	0	1805.2641680143	3217.24001284483	991.635944219881	0	0	10132.2830085649	3446.05230126736	1262.34548875265	1028.14740873204	2015.28358812454	46.5113940331777	1750.31369103312	0	15952.2335563892	3895.98646730228	34174.2148636437	0	24663.3599060968
FRMD8	1	1	1	1	1	19889.9137968027	1	1	1	1	1	1	1	14943.2693772011	1	18383.0855032726	1	1	1	1	1	1
FZD2	3860.49352282255	0	0	0	0	2208.73834621304	0	0	0	0	0	5729.91816053754	13289.9745487732	1658.26129621228	0	1569.61317168152	0	9521.22679904185	1966.70587900866	8288.87241679605	0	0
FZD3	316.625138547869	0	0	0	1742.53662399773	2141.39320403952	0	38.6309493431216	0	2730.05364688129	1049.988448729	1061.50495800071	20.2436642774748	703.427368429808	383.164233300641	877.940938561679	0	3598.38345594353	1459.63150666815	5182.01057174725	0	0
GAL3ST4	582.585589177145	6223.97845899756	0	0	4952.68727726197	2851.05000240777	0	2771.97374115411	0	0	29703.2026646622	22157.9546956967	34735.0700548969	5724.07668222249	6051.4942880424	10829.0531741449	12845.2819651775	0	4859.5484108716	0	36924.9655520441	0
GALR1	0	958.203560148161	0	0	0	33.9990810403577	0	0	0	0	0	0	135.86298879774	0	111.946633695653	0	0	139.459235758974	0	0	0	0
GFI1	398.256587393267	424.474797645569	0	383.642624874746	0	468.944770535129	531.472333220879	0	0	0	3914.96017304866	0	0	259.318236765745	71.5888579017965	419.928605626083	0	0	0	0	0	0
GGT5	1	1	1	1	1	1	1	1	4520.69251746459	1	1	1	1	1724.79081395763	1	1302.92105349259	1	1	1	1	1	1
GIPR	29.2395774314729	493.907437629903	0	38.0279126464148	131.145426054894	249.062334276545	0	141.10499608257	0	0	189.294408709671	351.678314818812	0	48.2972971923712	0	140.143477644126	149.821638388254	12.5288656503315	0	684.714437148081	148.444465988624	429.377357608514
GNG7	3834.41793951458	4586.71599597058	0	0	10430.8027762111	8242.01170295971	0	12969.8675206961	0	36734.5680300117	32529.7038182437	19275.5190572623	23497.8096475717	5790.14212572765	13581.079502161	16361.5034354571	22300.7076258205	0	15631.3808788522	0	14197.3540804946	0
GNLY	380.653079456422	0	0	0	0	0	5583.12397129386	0	0	0	8617.85091556921	17529.6291119784	0	0	0	0	0	0	0	0	0	0
GPC4	0	0	0	0	0	2455.97606325707	0	0	0	0	10254.891707767	6897.34478104091	3460.68270577756	4806.42261592631	322.927518848259	2455.2943397088	0	21285.4907786315	15226.78327552	0	0	0
GPR1	0	0	0	0	0	559.904425119007	0	354.193475093686	0	0	0	90.8831479450602	0	170.404742630102	175.630520106231	0	1064.82964587442	556.607437180271	757.352696458417	0	0	1274.47582067645
GPR171	1	1	1	1027.7220017485	1	1	1	1	1	1	1	1	1	1	1	1	1	1	1	1	1	1
GPR18	1450.35390053787	1815.50938543517	1	302.464330187395	1	1	1	1	1	1	1	1	1	1	1	1	1	1	1	1	1	1
GPR183	3698.87976683042	8069.31727451218	0	379.004764623139	0	4751.11167291904	1783.85061412566	0	2086.04808647249	2979.33847404187	0	0	2377.67350862898	880.73009278018	212.782837018905	875.077271320309	0	0	0	0	0	0
GPR19	226.859117126051	0	0	0	0	0	0	3738.57599533856	0	0	4967.3626962172	0	0	869.012477856816	0	2529.69939798057	1922.93059362386	2236.212945792	2249.01269490115	5032.81343783535	20070.3220019956	0
GPR25	47.0304867506377	18.1920237399807	7.83283471162789	11.1837702889216	0	10.2548163516552	104.449479661125	0	158.835015599895	0	9.22554732885624	0	0	1.63436865813762	22.4671126255651	0	0	0	0	0	0	0
GPR65	194.013831874459	978.360754202989	0	573.92361833416	0	491.576890431279	256.269547218474	0	0	1355.07696929443	0	0	2413.95988600484	44.2671811628494	719.893621762623	68.1024938503804	0	0	0	1730.4483994642	0	0
GRAP2	886.717673421684	0	0	320.307032170815	0	932.602104242357	89.4360518620077	0	0	0	0	0	2567.09742609385	717.800826055042	0	161.056454798926	2013.24430914767	0	0	0	9631.84130346435	0
GUSBP11	37.4603010314498	43.7321951458775	0	0	103.121132546115	73.3579070298415	0	102.773305872718	0	0	126.029132143062	143.731812314475	0.509545628371968	39.5381721463311	10.3586355524244	86.6918280051674	0	10.8952477566357	197.522195357157	133.550731987147	0	0
GYPE	169.028669597778	0	0	0	683.379226005109	26.6143481847307	0	0	0	2145.8301263359	0	0	0	257.415957760175	0	234.442404084399	0	0	406.021386581214	2101.13998638082	4703.07448466647	0
GZMA	1	1	1	11837.7027071167	1	1	1	1	1	1	1	1	1	1	1	1	1	1	1	1	1	1
GZMB	1	1	1	3648.50083392599	1	1	26517.3661445061	1	1	1	1	1	1	1	1	1	1	1	1	1	1	1
GZMH	1	1	1	5785.75704309314	1	1	8647.86108642066	1	1	1	1	1	1	1	1	1	1	1	1	1	1	1
GZMK	1	1	1	5733.20458175039	1	1	1	1	1	19097.3055690681	1	1	1	1	1	1	1	1	1	1	1	1
GZMM	3580.51019861531	0	0	1470.41489110086	305.681131778323	0	2205.74776012766	3961.1088704902	523.700371933872	0	11.7744340419155	4262.78730113008	4740.27391389347	1756.0215115173	0	699.871053375067	0	0	0	0	0	0
HAL	0	0	0	0	0	0	0	0	0	0	0	0	0	307.462945573728	0	0	6623.16691208935	0	1984.62963915363	0	0	4012.14463698462
HCK	1	1	1	3389.73376831273	1	1	1	1	1	1	1	1	11313.8500666879	1353.89463612589	1	1871.80338241184	1	1	1	1	1	1
HDC	2.60354647655589	0	0	0	63.7687620368914	47.8515883579677	16.7527547060439	0	0	0	0	98.1932436777893	0	19.2939341269637	0	0	219.000848844896	736.242616955497	217.445581081302	0	0	0
HESX1	465.252309892362	214.499493455884	0	0	2463.61144979163	728.119113325915	14.9940567314666	0	0	882.25290172334	289.16117495427	127.531404798657	776.881090979476	391.50252291175	774.000305168217	360.189596959414	0	0	565.145059053946	0	0	0
HHEX	3387.87756053625	1	1	1	1	1	1	1	1	1	1	1	1	1887.29899796805	5578.87090153565	1	1	1	1	1	1	1
HIC1	1	1	1	1	1	901.571626306427	1	1	1	1	1	1	6006.96804136121	484.558933248182	1	651.625991323058	1	1	1	1	1	1
HIST1H2AE	0	0	2427.66023744539	0	1018.40712827266	1075.44946305935	0	8887.00135530461	0	0	0	3023.70506888773	1357.77262095152	1128.86773283261	0	35.1172782168873	0	1025.40062039406	0	0	0	11611.1270007954
HIST1H2BG	0	0	353.930067686267	0	415.848509371566	763.269793614537	0	2778.67171066683	0	0	0	17.1070261134271	496.304849044786	450.022746051828	159.266113808813	0	0	1905.97891312323	0	0	0	5955.04360444514
HK3	1	1	1	1209.63616687719	1	1	1	1	1	1	1	1	4761.04475765037	850.350767083644	1	492.870170536595	1	1	1	1	1	1
HLA.DOB	4663.2446762522	6624.67396111064	1	873.549143041653	1	1	1	1	1	1	1	1	1	1	1	1	1	1	1	1	1	1
HLA.DQA1	534.473509473597	4053.22624896938	0	10926.6028528541	0	0	0	0	9809.16835056963	0	0	58555.531396446	6734.263661994	0	23783.2891740211	363.062419953677	0	0	16972.0908328595	12353.0825401321	0	0
HMGB3P30	0	0.295848376922661	0.170666522939696	0	0	0	0	0	0	0	9.80676612324864	15.9235143144551	0	0	0	0	0	0	6.26902523237433	0	0	0
HNMT	0	0	0	0	6918.45032474887	7420.37461836007	0	967.653922276608	0	8716.19875391088	1583.64391478738	0	5539.52022945848	567.202258636357	3508.16481073566	3084.91845168256	0	0	5823.16180842248	914.187086984569	12438.547823598	0
HOXA1	752.816656475645	0	0	0	1798.98031161246	1472.05634291634	277.249246875827	361.822708476355	0	1.84796526545029	1337.01597913593	652.833157372284	5385.8855292926	809.171642178048	56.364793681573	465.830081722105	1540.18257559515	8.23574925119118	687.072199102314	0	0	1146.68444644033
HPGDS	0	570.298470098919	0	0	0	665.959176799951	0	0	0	0	0	0	2430.96565899037	122.106231229279	0	470.854158156869	0	0	0	0	0	0
HPSE	426.899265745432	0	0	429.961133536605	584.161370697076	2036.62954567123	0	0	0	0	1016.01489856287	575.037035131509	805.893728615656	488.405871762211	0	416.85113725441	206.662676078829	2330.33008364092	2636.23469815788	0	927.650952609744	97.4312823079936
HRH1	0	0	0	0	729.48473318614	1871.86641835206	481.889179875813	0	0	0	0	0	170.432620735033	491.202947968769	0	633.277985667075	0	0	0	1877.05008542637	1515.67823637352	5178.15187580083
HSPA6	0	12076.0515967839	0	692.610820977409	0	2552.94250349683	1436.82805188857	2491.89579666219	2020.48389142818	0	274.937939795536	0	5756.74732126728	4858.80499970785	0	4985.29514668506	6643.58019329804	0	7994.0566981426	0	17708.7563877652	4076.61693475072
HTR2B	0	0	0	0	0	17.0209853018737	0	0	0	22702.7723262901	5540.22950635962	14690.1071405694	0	0	0	3108.59462052076	0	15206.8036010025	0	0	0	0
ICA1	0	1490.49682383774	0	0	13946.8436554888	3071.05452253529	0	1914.1892291852	0	358.622930799918	3151.71920843877	0	0	1499.35173332769	0	1195.94005539671	2974.9140411642	6625.00837871623	6243.04175964386	0	0	0
ICOS	443.714542190882	1054.68572666022	0	635.705406534628	0	216.412214964556	553.163530746845	163.286071983856	638.280416768246	0	0	0	0	0	421.414363096763	0	0	0	0	790.279592287224	0	0
IDO1	0	0	0	4932.13952976138	0	0	3724.95167609662	0	0	0	0	0	0	0	13607.1983695407	0	0	0	0	0	0	0
IFI44L	0	0	0	0	0	1740.26442879671	3826.30654632226	0	0	5084.96396145821	0	0	0	0	10662.1009813124	1181.19878577431	0	6704.25881853617	0	0	0	473.92284648917
IFNA10	0	0	0	0	0	3.41795227405986	0	0	0	0	0	0	0	2.61617747068003	0	0	2.63893404120529	0	0	0	0	7.41124042865074
IFNG	1	1	1	1076.12837481354	1	1	1	1	1	1	1	1	1	1	1	1	1	1	1	1	1	1
IGHD	22293.0936719767	1	1	1	1	1	1	1	1	1	1	1	1	1	1	1	1	1	1	1	1	1
IGHE	3082.56473538403	1	1	1	1	1	1	1	1	1	1	1	1	1	1	1	1	1	1	1	1	1
IGHM	1	1	560491.685234371	1	1	1	1	1	1	1	1	1	1	1	1	1	1	1	1	1	1	1
IGKC	1	1	2016794.43048711	227774.357270224	1	1	1	1	1	1	1	1	1	1	1	1	1	1	1	1	1	1
IGLL3P	1	1	8012.25643464375	1	1	3716.4888427928	1	1	1	1	1	1	1	1	1	1	1	1	1	1	27770.1305469309	1
IGSF6	1	1	1	2082.76252744784	1	1	1	1	1	1	1	1	3846.38137536277	668.800373242315	1	1023.91099642313	1	1	1	1	1	1
IL12B	23.0110158460811	52.7307279745342	0	5.7944038388591	0	41.3117041010146	41.457468059154	5.67739863447699	52.555608537899	24.5441687675347	0	15.5355783755229	0	0	41.8514901589105	0	1.29091624790165	0	0	0	0	0
IL12RB2	1	1	1	1	35449.4875147715	1	1	1	1	1	1	1	1	1271.88182923046	1	2209.32908322442	1	1	1	1	1	1
IL17A	1	1	1	1	1	1	1	1	1	1	1	1	1	1	1	1	1	508.019231603166	1	1	1	1
IL18R1	317.783038924995	1	1	1	2106.27682357189	327.557768513853	1	1	1	2066.22299926899	1	1	1	1	1	1	1	1	1	4126.43239122533	1	2236.97749776932
IL18RAP	142.632226820187	0	0	78.0558627973654	33.5884719504121	0	415.828713177974	0	68.6853044769633	180.208452328796	0.357560607509786	0	0	0	158.472185512999	0	0	0	0	1740.75965587011	0	1763.7910794588
IL1A	0	0	0	0	0	986.858255000699	0	0	0	0	0	0	274.973908522804	531.450544920306	0	0	0	5508.12109586457	0	2434.00245479861	0	4683.76268555489
IL1B	0	0	0	0	0	0	2257.38271843904	0	0	0	6178.28931434055	0	0	2387.09420292322	351.846842869152	0	0	0	0	79480.9840346268	0	32633.8303534501
IL1RL1	0	0	0	0	0	421.312636633647	63.8923945128301	0	0	0	0	0	0	0	0	0	0	1162.87319904569	0	0	0	1336.24943289287
IL21	33.9039715734461	32.335290049035	0	27.2405491228588	0	5.1544343171514	44.5967598853314	0	28.0613709720665	51.4321596721512	0	0	0	0	12.4065906893797	0	0	0	0	0	0	0
IL26	0	18.7336014149289	0	8.26010365412249	0	25.2779757512502	23.8071736098778	39.8912580832265	1.21523547560441	32.7459728754658	0	0	37.282412901579	3.61939571423717	0	4.06917489142027	0	49.5588350046181	0	13.6713852909772	73.0430514375229	3.45108953360082
IL2RA	713.665795925059	1773.44157199509	0	632.836961294156	26.6621755776484	604.045753897588	960.106832518443	0	327.689365247442	156.769997707722	0	0	3371.73066599332	123.661784057783	714.872165473087	495.588412790129	0	0	0	3070.08428831807	0	0
IL2RB	1	1	1	5511.34611967895	1	1	1	1	1	1	1	1	1	1	1	1	1	1	1	1	1	1
IL3	0	0	0	0	0	0	10.0004796939055	1.10080856669349	6.73600630439621	0	9.61170632653342	0	0	0	0	0	2.50247957004449	0	0	0	0.130793019711259	0
IL4	35.6447835040377	9.87164757312075	0	0.223862698738144	122.414356025143	52.1739488888128	0	29.7977075881555	0	0	6.5405235237853	42.0520626676042	0	5.30095952611475	7.1486412582044	39.5837957452272	0	0	66.7329989953948	0	0	0
IL4R	6447.98247953582	1	1	1	1	5162.90457785992	1	1	1	1	1	1	1	2682.93353948284	1	1967.28535976134	1	1	1	20593.0612259864	1	1
IL5	2.28963612794387	0	0	0.0265897266444111	63.0112885728913	9.8326820717492	0	0	0	18.9760202220105	48.0912003815941	13.4076478092775	16.2266822839256	1.39625142351145	8.84021439491158	4.27767797911771	0	4.151252121893	0	18.6340948548656	20.1491783608201	0
IL5RA	35.2561608601868	0	0	0	0	59.2942891963726	0	0	20.6996335105112	265.203726174678	26.5947105443893	0	0	19.5554978468158	0	0	0	198.15530144329	31.4746922120791	0	0	0
IL7	1	1	1	1	1	945.720579534741	1	1	1	1	1	1	1	1	581.765108458162	1	1	1	1	1	1	1
IL7R	4673.98074317045	8903.7439799188	1	1	1	2866.6603648018	1	1	1	1	1	1	1	1	1	1	1	1	1	1	1	1
IL9	3.87643512135318	0	0	0	0	0	6.5797996381197	0	0	0	0	46.1593560601426	0	0	0	16.133328820923	0	262.285583269301	18.8671513352839	0	0	0
IRF8	6330.27647769759	8690.11244490932	1	1447.12146059826	1	1	1	1	1	1	1	1	1	1	1	1	1	1	1	1	1	1
ITK	1017.6388948448	1398.06781807083	0	726.450288690818	0.98493636864917	221.994638400865	335.29385937677	0	470.851312393743	33.4712130153523	0	0	0	11.0202111258195	107.867827808162	0	0	0	0	0	0	5.40060817425223
KCNA3	513.499041457685	608.682089470173	82.6716197455334	254.205816965358	0	124.769747297723	0	0	324.760524171447	780.309782093424	33.4552268107116	0	239.37294364916	66.7802368472888	2.53616267835801	0	155.605216726585	0	0	0	0	0
KCNG2	10.0897201474991	0	170.088850652312	8.61067404298189	517.033336973984	254.894285755524	0	0	0	236.207088001593	0	90.6153858673278	0	0	0	0	0	61.7700162567558	233.792140023411	65.1324705048367	63.4347271274354	0
KIAA0226L	1	1	1	1	1	1	1	1	1	1	1	1	1	2072.97307813751	1	2033.74523691255	1	1	1	1	1	1
KIR2DL1	1	1	1	1	1	1	1	1	1	1	1	394.83495519072	1	1	1	1	1	1	1	1	1	1
KIR2DL4	1	1	1	639.514896253773	1	1	1	1	1	1	1	1	1	1	1	1	1	1	1	1	1	1
KIR2DS4	1	1	1	1	1	1	1	1	1	1	1	859.264489628924	1	1	1	1	1	1	1	1	1	1
KIR3DL2	3.52117606054681	0	0	35.5526491514319	0	0	0	0	0	110.423150294995	0	186.457148607983	0	4.16362954050352	0	0	0	0	0	0	2.15720403511431	0
KIRREL	1	1	1	1	1	15793.4414363762	1	1	1	1	1	1	51736.5705339766	11813.239819273	1	23613.5854468069	1	1	24636.6074567981	1	1	1
KLRB1	954.461272439161	1567.96198662851	0	261.879350008172	17.1914009796701	973.103608340688	760.762486387365	0	1896.29461922094	1316.35346596457	0	435.972971819409	71.0034051338844	14.9015898392424	194.983516238828	0	235.238713490454	0	0	0	0	0
KLRC3	1	1	1	1	1	192.297089580026	1	1	1	1	1135.10035002199	1	1	1	1	1	1	1	1	1	1	1
KLRC4	82.1940281188261	5.33810853700399	0	63.1128069171644	0	303.098552508016	0	0	0	0	2499.12919724613	0	113.942529415379	0	0	0	0	0	374.621497594578	0	0	0
KLRD1	1	1	1	238.127423867529	1	1	1	1	1	1	1	1	1	1	1	1	1	1	1	1	1	1
KLRF1	170.357061762281	726.536675142123	0	38.0322814375196	0	193.840219636511	0	0	301.633083998726	177.702135034731	595.276108398235	0	191.78579711341	32.3821236351686	373.059717879245	105.630453619463	458.034858939625	0	82.429024914905	0	0	0
KLRG1	980.477416779846	0	0	200.873161123924	0	757.560543125559	0	0	0	1104.09630154926	374.766892565758	0	618.126347613777	254.388217180971	132.114260078246	228.844017986162	0	0	133.629068670348	575.306923739464	725.526085447285	458.194282125476
KLRK1	1	1	1	183.053628048956	1	1	1	1	1	1	2139.85203470893	1	1	1	1	1	1	1	1	1	1	1
KRT18P50	0	1.6413265603423	0	0	0	0	0	0	0	3.3383985976752	0	1.3820686536712	0	0.387051222617598	0.19347072945936	0	0.857842905081023	0	0.154992626813904	0	0	0
KYNU	0	0	34.0510522396511	0	0	1878.16140135016	900.010072341538	0	0	0	0	0	0	105.677178566532	0	0	0	12907.7314215632	0	9980.11690927053	0	8903.90508434579
LAG3	1	1	1	8650.08703988126	1	1	1	1	1	1	1	1	1	1	1	1	1	1	1	1	1	1
LAIR2	9.4592678995003	0	0	34.7902014624118	0	0	257.955358227043	0	1036.94857751235	594.290151290946	50.6504141782331	640.339308731747	0	124.954318354312	0	0	0	0	0	0	0	0
LAMP3	1062.49651429881	0	0	0	0	977.243468977279	831.046955710977	569.974696208689	2184.18970358909	0	0	1691.90461347486	0	389.603245562309	1256.14640079074	0	745.16242055687	13220.6651883743	1477.56894353017	0	0	2467.88805098314
LAT	111.048745017018	428.682335481528	0	0	117.741642807641	0	115.219667318305	266.224356071765	0	17.3354606635295	227.74381871838	120.928750301907	89.530176193745	35.0339690939717	42.845898728951	56.7362343436873	77.4396154346764	0	89.1638658717523	287.864653185353	3.1177186569063	45.2321663285205
LCK	4315.35717163601	5500.80852675402	1	3897.75704969137	1	1	1	1	1	1	1	1	1	1	1	1	1	1	1	1	1	1
LEF1	1	1	1	1	1	1	1	1	1	1	1	1	1	18368.3661661206	1	11473.8333449451	1	1	29145.7632137163	1	1	1
LHCGR	5.438479401076	0	0	0	0	0	0	0	0	0	0	0	6.73042641022028	0	0	0	21.7911222380054	0	70.5804990634319	29.4752507273357	0	0
LILRA2	1	1	1	202.878093617764	1	1	1	1	1	1	1	1	1521.82627526291	76.4409397689023	1	111.339609464511	1	1	1	1152.9592853805	1	1
LILRA4	1594.2633083256	1627.44871931361	0	5.46697146674266	396.126361027687	0	317.672106208259	0	1408.53735059914	0	0	129.79642033764	0	0	0	0	199.297785839491	0	0	0	0	0
LILRB2	0	0	0	1322.51813548843	0	139.389771757655	3035.49701689581	0	0	1171.95213211885	0	0	5473.74104728897	446.79019392022	1813.63254443777	460.557288690678	0	0	0	2807.16964215066	0	0
LIME1	431.777777639986	170.868604384808	0	0	1112.00231752925	0	0	1605.48919767186	0	0	3001.784691937	346.165203441054	927.934431282078	278.439524254303	304.021995241731	892.098079190651	459.579862333573	0	1004.74247830484	1130.8780522018	0	0
LINC00921	165.36903366568	450.073410984279	0	0	1271.95492120205	447.314549335388	0	256.829346861137	0	413.840550124754	930.628693458401	194.964192880202	439.605031609432	96.8446358901736	0	379.17762204877	0	0	341.978162393172	0	704.159292486445	0
LRMP	3136.67986962428	4175.98648436402	1	1	1	1	1	1	1	1	1	1	1	1	1	1	1	1	1	1	1	1
LST1	1	1	1	2163.06519933506	1	1	1	1	1	1	1	1	14373.0562838515	979.649980916788	1	1	1	1	1	1	1	1
LTA	1158.60370406451	1889.06184874098	1	315.525300076107	1	1	1	1	1313.44687666587	1	1	1	1	1	1	1	1	1	1	1	1	1
LTB	24536.5988432605	37011.7386378025	1	1	1	1	1	1	23459.1942088844	1	1	1	1	1	1	1	1	1	1	1	1	1
LTC4S	0.87346943655807	0	0	1.25503759851616	0	2.68098886993951	0	5.71416375242094	1.53664241771059	1.17195960238244	0	45.3470125084498	1.89675165657609	3.93111837903113	0	0.302733242099987	0	32.8215120202594	14.823043635725	29.211379338271	0	0
LY86	2941.00446654654	5938.41682570038	1	1854.49355738183	1	1	1	1	1	1	1	1	13473.7545446517	1	1	2267.14630204271	1	1	1	1	1	1
LY9	669.308679543643	1000.98493934935	1	229.502300613822	1	1	1	1	646.055129255083	1	1	1	1	1	1	1	1	1	1	1	1	1
MAGEA11	7858.78331680654	0	0	0	0	4635.15165150738	0	0	0	0	2940.92699965696	0	5407.43425680074	704.127697355792	0	0	0	0	2584.35137015034	8734.00990488928	0	0
MAK	59.2651700138764	0	0	0	309.0030674118	356.258958062373	0	124.582948513291	0	104.676114263529	487.387043650386	36.2036687550227	307.093359550556	40.765157715509	0	80.7838430605547	0	0	7.05750097898743	122.750948987285	0	0
MAN1A1	2133.59115326413	0	0	189.919300912649	0	4787.70993085744	2296.35692034275	0	0	3201.68824858889	0	0	0	1207.61644271583	0	4082.89074396487	0	0	0	0	0	0
MANEA	86.2147364492395	1426.79398877227	0	0	2941.95104529737	3950.63573461295	0	0	0	3328.67721891079	2338.55284668261	0	1874.1609936037	902.017270773813	3527.8621805089	1208.30507045543	0	0	1018.76197050698	2565.21428998077	0	0
MAP3K13	1	1	1	1	1	2615.06920120607	1	1	1	1	1	1	1	1317.87112738347	1	829.154766417239	1	1	3378.07551793111	1	1	1
MAP4K1	3656.38106813525	7114.55029558223	0	2130.23914826472	3554.33661457538	0	0	172.940013228967	1743.31682603382	0	203.801456647634	0	1536.47448670405	826.163699592405	1137.97404380398	310.172492248813	0	0	1184.21458514893	0	11351.284875438	0
MAP4K2	2667.87209976607	1	1	1	1	1	1	1	1	1	1	1	1	2106.32428169552	1	2452.14830062677	1	1	2299.79600117926	1	1	1
MAP9	1	1	1	1	1	1731.14728287023	1	1	1	1	1	1	1	977.207109992448	1	599.381206681123	1	1	1	1	1	1
MARCH3	0	2391.5839166782	0	0	0	540.707209470783	0	0	0	0	2865.59740190867	0	1634.3523402229	472.383299847513	2155.35430100614	656.66752592792	0	0	3130.57145542569	0	0	0
MARCO	0	2258.77589090606	0	3275.4106404052	0	362.304821607625	4827.77989140993	0	0	0	0	0	23754.7281385353	2026.13244311946	741.083269285195	783.310720671793	7324.35271994992	0	0	15262.0476495751	0	0
MAST1	1	1	1	1	1	1	1	1	1	1	1	1	1	650.111374493466	1	1	1	1	1	6107.66945735485	1	1
MBL2	31.6866757627587	0	0	0	103.871585552834	38.42851620326	29.0027668580681	0	0	0	0	78.0755528687551	22.8735967014645	69.4732509814361	0	23.5048373723477	68.9815825072906	659.62475132422	0	0	182.349785912729	361.561916770058
MEFV	0	0	0	72.0921503879268	0	0	178.871280075181	0	0	27.1098694932667	66.17012277077	0	82.3473108852695	42.2769643061337	49.5123119972888	72.6183753759532	0	958.929169787069	0	638.919520087575	0	820.123303505039
MEP1A	1	1	1	1	1	1	200.034693978673	1	1	1	1	1	1	1	1	158.967059254794	1	1	1	1	1	1
MGAM	611.85748945292	0	0	0	0	274.385850358699	0	0	1320.19715331041	0	94.4860170538531	0	0	0	0	0	0	0	82.5360197532499	1466.62231061492	0	544.652744171667
MICAL3	1	1	1	1	1	3614.07301033606	1	1	1	1	1	1	1	1873.35185595079	1	2040.28393525236	1	1	4891.44007075294	1	1	1
MMP12	0	0	0	0	0	0	0	0	0	7165.86142367719	0	0	0	3514.4593213713	0	0	22962.019713438	0	0	0	0	0
MMP25	1481.26372693849	0	0	342.360050927821	0	0	0	0	0	0	0	1223.33483764292	0	214.42211200315	0	152.57982838227	0	2529.43068854751	212.511471226714	5367.32828842297	0	501.149361145416
MMP9	1	1	1	1	1	1	1	1	1	1	1	1	1	71155.076664487	1	1	1	1	1	1	1	1
MNDA	216.93209121701	1260.35542347033	0	713.585899225219	0	1961.15285261105	1594.30018017987	0	1007.29484214105	3271.9085233584	0	0	6926.06924579693	449.557702096276	4061.72091872073	586.336150574917	0	0	0	2696.84058391227	0	1104.71838882104
MROH7	0	0	0	0	3.16719886116448	36.0400510820171	0	0	0	39.0711298555067	254.573438913473	134.166875819797	93.6908290340353	9.21196003132082	0	0	0.35783828614396	329.159397959472	84.5919541592117	0	74.5420928397977	0
MS4A1	14949.5575674415	22687.478808626	1	1	1	1	1	1	1	1	1	1	1	1	1	1	1	1	1	1	1	1
MS4A2	0	0	0	0	0	55.6280359250313	0	0	0	0	0	0	0	27.9082274439021	0	3.20909673159196	191.331807183056	280.722299253206	157.082248933731	84.555933918204	0	0
MS4A3	9.69099149410209	0	0	0	0	50.3736964858922	0	0	0	0	81.1602801365372	14.0433181922405	0	0	0	0	0	0	41.6621269253413	0	0	0
MS4A6A	0	1604.69661766052	0	3075.87677906726	0	2494.05753392794	0	0	0	7855.99626573178	0	0	12873.0882242553	191.698641443675	4095.10880937241	2780.3866265251	0	0	0	390.992267368375	0	0
MSC	0	0	0	0	0	3166.27000897262	0	32558.8481016874	32916.5048878247	0	0	14673.987351391	0	9552.19880411067	0	9095.82656193605	0	45295.366777487	29362.5423008648	33527.7807885214	0	0
MXD1	0	0	0	0	3888.67874516199	2565.95420833511	321.878861166371	1357.55371865798	0	1805.92205560245	0	0	172.533235511685	901.801692773929	384.396200705189	1180.25250456706	0	23055.2519961197	1344.60372434274	10496.6353339167	868.218078004464	4209.44359014065
MYB	0	23.7298713197079	0	0	958.650238535559	556.713398377071	149.597319527642	501.901936632916	0	0	0	856.898432787136	0	173.199187882762	0	0	650.901781538148	3193.56156223163	500.555091745325	311.444779833164	0	0
MZB1	1	1	20688.690322052	3441.89334939278	1	1	1	1	1	1	1	1	1	1	1	1	1	1	1	1	1	1
NAALADL1	0	225.799986964955	0	0	2.69493161361051	126.413854051047	0	0	0	2661.19647950623	0	1499.66813413311	950.782222890991	847.810760536342	867.527447940598	342.989296210276	0	0	620.579964493563	0	0	250.630802821989
NCF2	1	1	1	2413.32186058924	1	1	1	1	1	1	1	1	9704.54559906995	1778.40024490871	1	1233.39784864422	1	1	1	1	1	1
NCR3	1313.00529379694	2480.99753793696	1	1	1	1	1	1	1385.56441365936	1	1	1	1	1	1	1	1	1	1	1	1	1
NFE2	1	1	1	1	1	1	1	1	1	1	1	1	1	557.170523989103	1	1	1	1	1	1	1	1
NIPSNAP3B	483.562999924251	226.363509413002	0	0	315.661048654954	838.714884681128	0	55.9538140018572	0	6.62113408826292	949.265868656493	74.6500977373706	978.924190449123	202.445811773675	0	266.841639541574	0	0	746.403767749548	1130.9454204289	1701.85066570531	0
NKG7	1	1	1	32345.7999616057	1	1	1	1	1	1	1	1	1	1	1	1	1	1	1	1	1	1
NLRP3	35.4238903949281	0	0	97.4010447163792	0	691.186239188627	762.961819287269	0	0	0	205.083028177881	0	1263.56285317176	256.552600836038	229.095215682381	319.207280991026	0	0	0	1661.71598656282	8537.74912983755	0
NMBR	3.42388272168072	11.5794152763687	0	0	0	37.0592323090538	0	0	0	2.48219261917149	47.2810290657192	10.8312532965453	25.5369143745022	5.79140444119944	0	2.28897235526053	0	0	8.03906490583896	0	0	0
NME8	0	175.877109977333	0	0	0	28.1171820983192	0	221.166951390354	43.4965853681532	393.033312213806	0	0	113.833284768273	0	327.335402900272	0	0	153.333246335084	70.3275547520369	124.194910024699	0	0
NOD2	0	0	0	258.420186852737	0	1275.13682713133	0	0	0	0	0	870.34254884832	21.6559846950327	282.349379770636	853.449798570133	0	1673.68044582606	8096.42816786146	0	0	0	326.916554382467
NOX3	21.4773735529859	0	0	0	0	34.9120772033562	0	13.646172829828	0	10.5035278097834	35.1846714571197	0	83.477002370166	1.62250085942869	0	0	0	0	16.3060927556423	0	42.078851880718	0
NPAS1	1	1	1	1	1	1	1	1	1	1	1	1	1	1529.24549069565	1	1	1	1	1	15938.8114706761	1	1
NPIPB15	0	1136.06293997287	0	0	2886.2694129144	70.8375061155712	0	316.253960922951	0	1910.54264110635	0	0	0	189.658426235286	826.131893034061	713.925320477161	0	0	0	3281.72808007536	1406.32318525858	302.891979752266
NPL	1	1	1	1	1	1	1	1	1	1	1	1	1	3310.78400802212	1	5603.88929341482	1	1	7342.71436920431	1	1	1
NR4A3	2062.87528814884	0	1934.76092496471	0	9793.38037061537	0	719.844386234005	6368.78254288499	0	6142.75654173222	5649.17731665455	0	0	2152.87933897	0	1248.88473318753	11338.3749184434	11664.3706143275	0	0	97039.546200958	8995.23629689684
NTN3	72.9811033246403	0	0	0	0	0	0	0	0	0	0	0	0	121.430052333178	0	204.8253948086	0	0	0	0	0	0
NTRK1	155.712000708063	0	0	29.0778574220349	343.392540748361	1749.86119908374	0	0	0	3314.24760370465	0	3156.45049844756	0	0	0	0	0	0	0	688.958597600564	0	0
ORC1	1	1	1	1	13671.7017892256	3182.95268775586	1	1	1	1	1	1	1	2359.22621716742	1	1767.21185112191	1	1	1	1	1	1
OSM	0	0	0	57.7984762074744	0	550.35981592821	566.186895803979	0	0	0	0	0	4108.9966902012	427.658437090765	1.45848053310433	581.568101570192	0	870.855623569834	0	4726.2537056967	706.211987372411	4843.43965968171
P2RX1	309.137151464298	247.511959769565	400.753948763563	110.811107412833	0	119.571215923504	252.314597347693	0	248.693992481576	136.27146070326	0	0	201.872213040424	69.0100815791894	0	0	57.6730802866208	0	0	152.391909718642	0	0.989044165075548
P2RX5	1964.2251179615	1848.28817231977	1	1	1	1	1	1	1	1	1	1	1	1	1	1	1	1	1	1	1	1
P2RY10	1567.18166177381	2912.66552764396	0	698.779609592784	0	73.0358123470431	141.303728433404	0	902.96952542505	833.151921689898	0	0	0	0	0	0	0	0	0	0	0	0
P2RY13	599.868234711591	1933.02656248743	0	520.406807784621	0	422.780808288054	0	0	980.858434272054	1697.79073087312	0	0	1312.85931765898	0	870.231073525664	80.6053807649406	0	4314.94263241794	0	1154.68346571821	0	913.43142882247
P2RY14	542.223830948486	492.705296461298	0	79.7407723466136	93.2197650984679	303.323779346425	216.457136366954	0	0	46.2342989705369	0	0	292.399358473118	71.1135226102106	335.085753511933	80.9750208157715	178.047553658409	0	0	0	0	0
P2RY2	0	0	0	0	0	0	0	49.3379241490825	0	0	0	0	0	288.651369569174	0	0	2071.14750508885	7774.99107357241	630.500775635462	0	0	794.027074718567
PADI4	41.5556982486743	0	0	0	15.522931681369	0	0	0	19.9728293693956	200.622087996135	0	0	0	11.5976018397461	0	0	85.2201980234246	0	33.7471838811694	234.542309825885	206.165692592607	259.429210938674
PAQR5	0	0	0	0	0	1471.8144752414	128.949888824538	0	0	1080.79604738237	2018.74393462047	759.08949536839	774.468998354377	434.327848657515	0	13.294108115029	0	4851.25850002146	0	8761.51616172735	657.50219645191	6198.08859372765
PASK	1351.97672606381	1	1	1	4463.93254177641	1229.34732522497	1	1	1	1	1	1	1	668.237091567293	1	659.474705558711	1	1	1494.41064376122	1	1	1
PAX7	1	1	1	1	921.071035156851	1	1	1	1	1	1	1	1	1	1	1	1	1	1	1	1	1
PBXIP1	1	1	1	1	1	1	1	1	1	1	69305.3193467241	1	1	13629.9367575742	1	27061.7705878915	64997.0110960129	1	37498.884838262	1	1	1
PCDHA5	1	1	1	1	2968.36926596833	1	1	1	1	1	1	1	1	1	1	1	1	1	1	1	1	1
PDCD1	1	1	1	4562.43023595601	1	1	1	1	1	1	1	1	1	1	1	1	1	1	1	1	1	1
PDCD1LG2	0	0	0	1269.87654719863	0	2688.74773185429	856.386753491002	0	0	98.2937665426302	0	0	0	0	1500.37371856306	25.290905752884	0	0	0	3635.97838609585	0	7564.38228989365
PDE6C	38.4615774719221	0	0	0	0	84.0780434162019	0	59.3219374793004	0	145.312609832622	21.402396715324	47.3653017225924	0	9.1667865489523	4.24029556123853	43.7996945237254	0	0	75.2716117565992	195.028427440369	0	0
PDK1	1	1	1	1	1	1770.71369032359	1	1	1	1	1	1	1	1097.49493500394	1	1	1	1	1	1	1	1
PGLYRP1	81.3713588087247	0	0	0	0	1.49239006717394	0	52.4469102869753	0	215.618021203741	109.879033126659	0	99.531323085045	14.1727672752043	0	80.4975664251804	0	260.88309376969	0	452.303317048524	998.952986487359	368.851918049867
PIK3IP1	4640.18333620843	7470.11043353088	0	1012.97146823244	12196.1761237051	3069.96049333177	0	0	6217.00070838175	0	0	1273.39885210641	0	551.307983518302	0	3436.95915164916	0	26842.0529108949	6435.61394968816	0	9202.8258937198	0
PKD2L2	31.3092425755654	48.4116719563386	0	0	20.6961456498789	15.0944775953348	0	0	0	0.181833274968701	288.413512548789	45.6540647902072	161.587999735243	17.6117941992859	11.3796011860625	21.7477346359489	0	0	0	0	0	0
PLA1A	1	1	1	1	1	1	1	1	1	1	1	1	1	26517.1394597187	1	1	1	1	1	1	1	727787.849370925
PLA2G7	368.147986842111	3040.90943685259	0	1030.06623025434	0	0	2102.33336664118	0	2059.56635404315	4208.59843918586	0	693.13799123029	1692.6705388634	1562.47015669712	0	2818.41634881114	4235.95280299092	0	0	0	0	0
PLCH2	0	74.2039395317533	0	0	33.4513159997406	45.3880434298275	110.313697370948	319.454374758096	18.3722539527945	0	0	0	0	136.372664314406	0	0	826.175366260036	3691.1046164881	359.268143666594	0	0	142.044026071083
PLEKHF1	1	1	1	1	1	1	1	1	1	1	1	11570.9789420475	1	2238.87589013104	1	2218.11993091429	1	1	3966.14475939226	1	1	1
PLEKHG3	0	0	0	0	10981.5028486657	2575.01318271339	0	8784.67115545263	294.964982297931	0	823.063979204194	3104.19117481351	5534.40205624261	1750.96089485168	0	3001.83497979906	0	18874.6555458616	7517.41959790623	6991.14604025705	16351.2734617239	0
PMCH	0	310.377245657873	0	23.4733535509049	51.9988601872873	0	0	0	27.3495833013786	20.5800746799593	0	51.9638221681503	3.52983590332964	14.3848457555697	131.319493191563	0	0	0	0	248.083893178297	0	0
PNOC	1030.72382151749	1	1153.14390396521	1	1	1	1	1	1	1	1	1	1	1	1	1	1	1	1	1	1	1
PPBP	1	1	1	1	1	1	1	1	1	1	1	1	1	1	1	1	1	1	1	20523.3113053509	1	1
PPFIBP1	1	1	1	1	1	15991.9342219737	1	1	1	1	1	1	1	9768.08724458508	1	15039.6314785969	1	1	1	1	1	1
PRF1	1	1	1	11575.3872520019	1	1	1	1	1	1	1	1	1	1	1	1	1	1	1	1	1	1
PRG2	0	14.885298139993	0	0	146.776240923406	0	0	1.38759093678045	0	0	225.099578118579	129.65422266831	0	22.913091979452	0	51.5851551444604	345.33776668072	186.251183918822	76.5190494272144	0	0	0
PRR5L	923.595787332788	0	0	360.582811403475	0	1182.51246091664	46.6343854926387	0	0	546.137070987815	0	0	987.968048903661	326.913107378766	1.5747672655612	485.670019384672	0	0	0	2793.25312582313	0	0
PSG2	0	39.0522254013053	1.38115994932386	1.19674780768318	0	1.32347308072078	7.36329676991287	0	0	56.9440817002419	0	0	0	1.59193293820326	0	2.34976446868423	0	2.33711323888591	0	5.02188239044958	24.4507059389482	19.6606309397911
PTGDR	44.3549693565241	77.3939056841164	0	34.0720571089735	42.3303062186858	106.843554521192	47.5674202923957	0	109.872491172729	189.789464375532	0	35.1569076758852	0	18.2358239686662	78.5194923919883	15.8397187196193	0	0	0	292.287921252766	0	9.93665336096987
PTGER2	236.495459214882	0	0	189.409680808346	170.115111418992	927.700790855021	266.980550236597	0	0	290.631860117191	0	841.684800706011	0	108.93259840244	70.6227418745817	27.6297529674989	146.516696258532	0	0	0	0	0
PTGIR	219.580451073867	0	0	0	0	617.321567451661	133.43854977804	0	546.400713112523	250.608198215585	0	1179.36658401337	0	278.987670171731	80.773454785985	165.408006208529	168.204230892254	0	0	0	0	0
PTPRCAP	0	0	0	0	0	0	0	0	0	0	0	0	0	0	0	0	0	0	0	0	0	0
PTPRG	2119.80378015572	0	0	0	15411.7341433294	7647.67419562749	0	0	0	0	17472.7255548735	0	6934.0078175422	1565.27859922523	2349.34290867558	4156.20132662424	0	0	8611.32572306595	0	0	0
PVRIG	83.4655516591631	1.83438021755802	0	0	93.0281907494551	78.04712558046	0	0	0	0	45.1774829558228	14.9280122911727	17.4942291116494	22.7160262247278	42.851887775125	21.4886319514719	60.501457533823	0	13.7025636503413	117.644709484355	0	0
QPCT	59445.6654168702	0	0	0	103278.113170184	0	19597.6438892332	155719.046831752	0	75516.3496121105	92323.3619047955	47095.0725604602	0	44168.9076993032	0	65610.4507055503	82091.5067956253	130117.966203844	26055.4137068622	0	119797.854624168	115541.384219635
RAB27B	0	0	0	0	35.6132206170642	371.105449013898	150.346880170302	0	0	1112.78684979699	0	0	0	311.921825413376	97.4824420950487	0	472.125635217546	2672.51422026852	0	1490.10262825001	0	1301.60718471821
RALGPS2	1210.2820972215	0	0	0	9106.96464047732	6260.83400061647	0	5027.51301793081	0	1694.03430565337	9597.46329039858	0	2009.96392471329	952.817062499941	64.096081548938	2484.92538706002	0	0	4548.6880163249	1288.52999599929	1785.36072134606	0
RASA3	1	1	1	1	1	10783.5605282608	1	1	1	1	1	1	1	8630.62676814236	1	15964.9144629722	1	1	18835.8764496488	1	1	1
RASGRP2	4169.33231798772	5344.08957037147	1	1	1	1	1	1	1	1	1	1	1	1	1	1	1	1	1	1	1	1
RASGRP3	0	0	2355.16283558346	0	0	3627.49433211492	0	0	0	10841.2918515228	0	1817.98360499743	3223.0982306483	0	0	382.976463743486	0	0	0	1559.83600510612	18616.3207131755	0
RASSF4	0	2362.56067024461	0	1219.17314515449	0	1964.86329473252	0	0	1407.07918715426	0	0	0	5542.68261117371	788.811952247454	4842.55755161253	1667.77375787866	0	0	0	227.301171308951	0	0
RCAN3	0	0	0	0	47140.7189199065	7383.7827982279	0	6733.12062122101	0	3487.44936503191	11565.6525828394	731.565990467312	0	2322.62046397981	2091.05306118976	4241.90733206446	0	0	5602.63218390391	0	0	0
REN	465.27852249527	0	0	0	0	0	0	0	854.673829505426	0	0	1489.49786073314	0	284.309468907017	0	0	0	0	0	0	0	0
RENBP	0	0	0	0	11739.3616905992	0	6723.54357203343	45192.2107813817	33555.946174699	0	57385.0437628799	69583.7827280723	0	19281.5296023601	0	40846.2882740621	0	94338.8111241453	45600.7256610187	0	88893.5779849287	29070.5316135386
REPS2	280.981882751683	0	0	0	72.2266535661935	133.607509419267	33.2713903430349	803.993614497152	0	897.264103240974	616.717208751336	568.239211097151	29.0857050953234	234.294857918998	21.5504989175985	373.251061095585	994.261095217297	410.033259111309	645.774792040784	343.533743997101	1944.9180967021	491.284462792113
RGS1	38.0631005094955	51449.5807246753	0	0	0	0	3471.59792373999	15092.7899776086	0	24346.9634955476	86532.3680811577	0	12.8346035976294	4229.0677642893	0	21382.6240875076	141643.656456922	0	0	0	346297.980149028	0
RGS13	233.221938644337	264.691901124909	0	0	0	0	0	0	0	1028.97341860304	693.23839263098	358.998224248396	442.547462405872	0	83.2049970888628	0	0	0	56.499285243306	0	0	0
RNASE2	1	1	1	1	1	1	1	1	1	1	1	1	6323.47094826276	304.815983345048	1	386.843054917	1	1	1	1	1	1
RNASE6	4917.68386007728	4176.59609539845	0	4034.46572438799	0	2735.18598774996	0	0	2749.08068479044	8667.65974246919	13550.3389364608	0	24412.2233082822	1655.65550266885	7202.97574257529	5274.42180469483	0	0	0	0	0	0
RPL10L	0	0	0	0	0	6.72928576709327	0	0	3.70750685403181	0	0	0	400.432575680006	45.2375459388764	0	41.7586929425611	0	0	0	0	0	60.8901402355308
RPL3P7	61.0561497754222	0	0	0	461.574013775498	443.334140186658	0	342.086485128663	0	280.123433299671	314.187808044027	146.303899181931	474.6146345014	199.866522397848	0	355.201471635839	612.951720605573	1254.23219541783	648.308935450658	1980.04003647766	1006.79386829095	5.11051851718303
RRP12	5344.87623250651	1	1	1	1	5762.76713867074	1	1	1	1	1	1	1	5908.53529328354	1	3479.01041401573	1	1	8008.38650433535	1	1	1
RRP9	1	1	1	1	1	1	1	1	1	1	1	1	1	16526.7002940887	1	16027.5736435409	1	1	22651.8623083907	1	1	1
RSAD2	1	1	1	1	1	1	1	1	1	1	1	1	1	1	7089.22752075285	1	1	1	1	1	1	1
RYR1	1	1	1	1	15521.3642045904	1	1	1	1	1	1	1	1	400.065652606319	1	920.282387745399	1	1	1	1	1	1
S100A12	0	0	0	0	0	0	0	1998.12212851742	0	0	0	2382.71169935838	569.8161089349	1669.32785482281	0	0	950.509086407065	25443.6206862349	0	0	0	15724.6933784569
S1PR5	0	0	0	0	0	487.995144571622	0	0	0	0	0	1313.57325092449	561.638306287205	420.386921998682	0	0	2136.45343168962	13814.3039378218	1987.02120403098	0	0	0
SAMSN1	411.724200389645	1871.1017510166	0	1350.6612231393	0	1562.64856523644	1465.54260041429	0	0	2791.54217503821	0	0	2574.58713178871	114.886094585594	1213.3996587164	209.493831955124	0	0	0	1761.94057264363	0	0
SCN9A	0	0	0	0	0	1711.42442809395	0	0	0	77.3736506141628	1584.99280606684	33.3337963045809	2588.35860055895	283.062274353966	175.861383544309	0	0	0	0	3266.80250828021	0	0
SEC31B	263.352695406552	1371.22780953505	0	0	583.712068093576	279.682001433231	0	1026.80730133001	0	1419.04473454572	2782.19105629353	18.5659877669514	0	0	246.551587308616	1071.26928066431	0	0	1017.71590291769	453.132895968545	0	0
SELL	22172.2463521623	31499.6345477754	1	1	1	1	1	1	20258.699935657	1	1	1	1	1	1	1	1	1	1	1	1	1
SEPT5	1	1	1	1	25220.1438463509	1	1	1	1	1	1	1	1	3915.8910393303	1	4298.45066212082	1	1	1	1	1	1
SEPT8	1	1	1	1	1	8224.06760643813	1	1	1	1	1	1	1	3607.66805401969	1	7656.57582097288	1	1	8101.02678417332	1	1	1
SERGEF	1	1	1	1	1	1873.88521646565	1	1	1	1	1	1	1	2579.84561090501	1	1567.9093256942	1	1	3526.49370767889	1	1	1
SH2D1A	979.244361704939	1	1	1577.42404576529	1	1	1	1	1	1	1	1	1	1	1	1	1	1	1	1	1	1
SIGLEC1	1	1	1	2032.86091178862	1	1	1	1	1	1	1	1	1	1	1	1906.92963696853	1	1	1	1	1	1
SIK1	1.34032579359546	0	30.1615081654105	0	867.876237929598	0	0	528.513526427203	359.87055363994	282.870430973253	0	0	182.823876638061	102.899740247102	0	83.8896691403637	618.922432983883	0	0	2100.58401882845	3200.96698640557	0
SIRPG	1	1	1	2928.53979170195	1	1	1	1	1	1	1	1	1	1	1	1	1	1	1	1	1	1
SIT1	3677.76156386506	5734.73852685407	1	3174.48599578836	1	1	1	1	1	1	1	1	1	1	1	1	1	1	1	1	1	1
SKA1	1	1	1	1	10307.7233028014	2464.71702111213	1	1	1	1	1	1	1	2124.66781309092	1	1586.07414138304	1	1	1	1	1	1
SKAP1	36.5577994284223	1325.62429124586	0	515.211572526164	0	403.742356359821	0	0	4641.08007025395	10.8723763475165	0	0	0	1367.76409043664	3463.53949340673	0	0	0	1546.67190148465	2214.25684376249	0	4220.30134907337
SLAMF1	1145.40198845452	0	0	0	0	0	908.993759908156	0	0	3370.00241152155	0	0	0	421.947367073486	6389.77331998164	0	0	0	0	0	0	0
SLAMF8	1	1	1	6181.10496760292	1	1	1	1	1	1	1	1	1	2119.57736549388	1	1	1	1	1	1	1	1
SLC12A1	23.923576553785	0	0	0	7.90706141527202	0	0	0	0	0	14.6980650671526	0	0	9.2757225472579	0	24.8491403277617	0	0	14.9876020678364	0	69.8211065626801	0
SLC12A8	1	1	1	1	1	1579.55614604727	1	1	1	1	1	1	1	759.527510285098	1	1	1	1	1	1	1	1
SLC15A3	0	0	0	5114.15733509861	0	193.892718011394	0	0	1632.76464726522	0	0	0	9183.73752725811	1759.6368943657	4690.39549683713	4610.94322115737	0	0	0	0	0	0
SLC2A6	0	0	0	196.665493979711	7818.88202816893	0	1364.12752948989	0	5123.93440349489	0	0	10835.0998564593	253.032887212937	2075.6055273645	0	1077.74883740646	711.722482340936	0	0	0	4256.03970900447	22750.4635641731
SLC7A10	2.18436926862188	0	296.393877628021	0	0	0	0	0	170.629256488515	0	375.982525953194	0	0	222.64741145768	0	120.580408194453	0	0	0	0	2685.17552496373	0
SLCO5A1	0	0	0	0	0	0	57.5459589108892	0	0	0	58.1061922598724	0	0	502.100451958088	0	0	1904.50045275176	0	0	0	1071.92243598112	0
SMPD3	0	0	0	0	77.3948939702597	0	0	0	0	0	0	0	0	662.531634849684	0	0	3362.37870129576	0	1283.79461803365	0	0	629.300998051126
SMPDL3B	522.855857743025	0	0	0	0	164.423927146553	0	0	1355.59590225652	0	0	1654.76115827259	572.134368375404	601.401856188347	0	0	0	7871.6961884668	223.341752061352	0	0	0
SOCS1	1503.29397308309	0	0	1104.47806108304	0	1413.34747307756	4657.10490768697	0	2089.74687870901	0	7.87434845163063	8182.70338690781	1803.72733303871	448.623486493489	0	0	0	5706.68642960649	0	837.275620380575	0	876.603917050198
SP140	1713.87704430242	2680.70291298907	1	594.80928142148	1	1	1	1	1	1	1	1	1	1	1	1	1	1	1	1	1	1
SPAG4	1	1	1	1	1	1	1	1	1	1	7009.95182867433	1	4572.61250734096	1993.68337259395	1	1	1	1	1	1	1	1
SPIB	3131.19522994057	4021.79450436809	1	1	1	1	1	1	1	1	1	1	1	1	1	1	1	1	1	1	1	1
SPOCK2	5870.51960227588	8262.23604800781	0	3309.14448327528	1068.86835032976	2074.01434560181	944.463886042133	0	10838.7405903592	0	0	0	1813.97815226337	0	0	0	0	0	0	0	0	0
SSX1	0	0	0	0	4291.04488134122	0	743.504740261806	0	0	0	0	0	0	907.797617018689	872.086739792397	1847.47539948937	3113.8074923109	0	18299.4215272185	0	43671.4425277522	0
ST3GAL6	4622.68097164174	0	0	0	4685.09531998776	9851.29303541005	0	18513.7973833995	0	38719.2993657554	43892.696906099	0	7226.65587128172	4718.31093165753	22451.3106639394	8354.42515398372	2766.96560254948	1445.71760871339	19256.8499394657	0	66658.0528562906	0
ST6GALNAC4	1	1	1	1	1	1	1	1	1	1	1	1	1	4343.89248652685	1	1	1	1	1	1	1	1
ST8SIA1	0	1467.49567847047	0	0	0	82.4232304863781	0	1534.87355934132	0	0	3064.24684094276	0	48.1108337607611	568.067339403911	0	1569.77128586731	3252.7852552306	0	1276.28586998628	0	12141.408930663	0
STAP1	3475.21887841835	4474.76699988265	1	1	1	1	1	1	1	1	1	1	1	1	1	1	1	1	1	1	1	1
STEAP4	6821.58476224754	1	1	1	1	1	1	1	1	1	1	1	1	1	1	1	1	1	1	1	1	1
STXBP6	0	0	0	0	0	1834.58042400122	0	2596.26268720425	0	0	1627.47903223539	0	2495.34358723446	795.566885999558	0	3745.9670412875	436.110489841884	0	5926.19619623536	0	20217.3803726964	0
TARDBPP1	0	3.39969150585132	0	0	0	1.69019793965364	0	0	0	0	0	4.08664562828652	0	1.39711526767935	1.2759108797209	0	0	0	0.146154926577586	1.7851780782135	0	0
TBX21	1	1	1	877.698749238611	1	1	1	1	1	1	1	1	1	1	1	1	1	1	1	1	1	1
TCF7	3692.21116676613	2118.1721572587	0	0	2405.99622613419	0	201.175181731883	2186.21878643002	2405.04056993416	0	0	1904.49537018637	1097.29401598027	1340.65628784068	0	827.945090173328	2200.68963075761	1230.23434846496	0	2091.84062551257	10.6434867426126	0
TCL1A	11842.2462887108	7468.0895647807	1	1	1	1	1	1	1	1	1	1	1	1	1	1	1	1	1	1	1	1
TEC	277.288136550935	0	0	0	1127.18218618427	585.649119139736	328.334637678937	0	0	686.045620901559	849.575979190118	0	859.614737440307	292.723291446749	226.718946086625	282.941843082361	423.214220860678	217.12884176041	1035.50204171885	0	3530.10257508299	1325.64956407362
TEP1	1	1	1	1	1	3148.12448107572	1	1	1	1	1	1	1	1449.26815386445	1	2706.21249424858	1	1	3104.44901912391	1	1	1
TGM5	0	0	0	0	0	0	0	0	0	0	0	0	0	348.506392852804	0	0	1803.4366766143	2677.86485229305	587.251773671347	0	0	678.046935144581
TLR2	1	1	1	1	1	2231.28434145253	1	1	1	1	1	1	10195.7198543625	1719.11661695844	4303.29745942412	1	1	1	1	1	1	1
TLR7	58.0444079268573	967.88232548271	0	285.751472765245	0	503.65573685344	0	0	837.364174741228	780.151259890473	0	0	1938.10858475136	0	756.721066080837	313.769989743486	0	0	0	0	0	0
TLR8	0	0	0	631.846829539016	0	219.485754596697	300.650677592545	0	0	1299.14208257561	0	0	1331.02540538435	67.1133016271715	472.515866810104	68.0728990058729	0	0	0	0	0	0
TMEM156	916.861744135682	1294.90067930754	0	229.591182841586	0	0	974.771152060873	0	0	0	0	0	0	0	0.155969399251881	0	0	0	0	5390.70114179514	0	2077.17914791713
TMEM255A	207.789185663107	0	0	0	0	0	4429.65158929267	2440.40613332349	0	0	10467.7652962755	0	0	1940.52702580025	4861.73775941373	3370.71607739829	16336.7929790139	38708.0793522674	3126.51914686906	0	49903.8557174565	2879.81118988564
TNFAIP6	829.854469976418	0	0	0	0	4140.72520742439	0	0	0	0	0	233.091384629525	0	2304.07827382765	372.611421349219	974.577400570768	0	2102.65876121362	0	31352.5050153467	0	1897.33879196224
TNFRSF10C	1	1	1	1	1	1	1	1	1	1	1	1	1	1184.77312044121	1	1	1	1	1	1	1	1
TNFRSF11A	0	273.854918113969	0	0	1414.60770408707	298.178486272822	0	0	73.7629798715916	530.63469622678	0	0	192.082799281866	230.782576822735	0	364.12393841038	0	0	440.712678957182	0	0	0
TNFRSF13B	812.372809014706	1714.87400377581	1	1	1	1	1	1	634.230379480117	1	1	1	1	1	1	1	1	1	1	1	1	1
TNFRSF17	1132.90236867048	2458.13707268615	2989.81496538691	428.827269288345	1	1	1	1	1	1	1	1	1	1	1	1	1	1	1	1	1	1
TNFRSF4	1	1	1	1	1	1	1	1	1	1	1	1	1	2481.77354298939	1	1	1	1	1	1	1	1
TNFSF14	123.013428611273	362.146773830277	0	135.371996933313	0	122.937215387656	68.2370050691779	0	331.122624056561	94.1782905618201	0	0	0	23.5680301294098	140.055204993335	0	0	6.95823469497231	0	637.334717396802	0	290.77461607529
TNIP3	0	0	0	114.276130645534	0	25.6232240156171	414.818492989077	0	0	0	0	0	0	3.06567848663879	167.311187859083	0	0	0	0	1308.00228065744	0	0
TPSAB1	0	0	0	0	0	25.1467040762024	0	0	0	0	0	1165.28113252658	0	751.154031403865	0	0	5424.89609216003	18944.6369306207	4531.01724225586	0	0	0
TRAC	11418.857191522	1	1	20169.6642238637	1	1	1	1	1	1	1	1	1	1	1	1	1	1	1	1	1	1
TRAF4	1	1	1	1	75602.0306378662	1	1	1	1	1	1	1	1	11613.9914782729	1	15897.7896254305	1	1	24611.835442007	1	1	1
TRAT1	677.207556600087	1840.62075064105	0	544.03866468285	0	35.7900775170806	25.9570439004234	0	79.5797067299746	676.55690703456	0	0	0	0	0	0	0	0	0	0	0	0
TRAV12.2	1	1	1	1383.82256683016	1	1	1	1	1	1	1	1	1	1	1	1	1	1	1	1	1	1
TRAV13.1	1	1	1	1096.72986819929	1	1	1	1	2068.27484858958	1	1	1	1	1	1	1	1	1	1	1	1	1
TRAV13.2	427.897845255721	160.514453983469	0	501.100529322844	0	0	0	0	573.871590459161	0	0	0	0	0	0	0	0	0	0	0	0	0
TRAV21	1	1	1	1414.48602028291	1	1	1	1	1	1	1	1	1	1	1	1	1	1	1	1	1	1
TRAV8.6	503.063651946862	972.186584849221	1	642.975231097077	1	1	1	1	1	1	1	1	1	1	1	1	1	1	1	1	1	1
TRAV9.2	821.828768172478	1282.01070018811	0	370.145133558669	30.5653962135987	0	0	0	1319.41537197847	0	0	0	0	0	0	0	0	0	0	0	0	0
TRBC1	454.524373464291	986.532373995485	1	450.964103216376	1	1	1	1	773.922788297118	1	1	1	1	1	1	1	1	1	1	1	1	1
TRDC	522.779627554894	0	0	0	0	177.093903461958	698.604179181633	0	2407.6179011953	10080.75322855	62.4119419040118	4084.34475398135	0	18.4769419160039	57.2158708756171	19.0060560747424	1694.08938603275	0	0	0	0	0
TREM1	0	0	0	0	0	0	0	0	0	3273.46681250133	0	0	0	2402.57595365299	0	0	5903.48916025206	0	0	23052.9513858635	0	0
TREM2	1	1	1	1	1	1	1	1	1	1	1	1	54143.7621339494	4305.3558794889	1	5596.06236446269	1	1	1	1	1	1
TREML2	989.773405316633	753.562954004063	1	1	1	1	1	1	1	1	1	1	1	1	1	1	1	1	1	1	1	1
TRIB2	1	1	1	1	1	47288.0460714671	1	1	1	1	1	1	1	34421.8211247333	1	51619.2887999624	1	1	97325.4185140815	1	1	1
TRPM4	1	1	1	1	15370.5888514052	1	1	1	1	1	1	1	1	2652.42023547756	1	2104.16147100172	1	1	3778.22491993837	1	1	1
TRPM6	0	0	107.464282935086	0	0	389.082331492514	0	0	0	623.446403478473	232.593891718744	0	4.69393711816693	107.292581867577	0	0	0	78.4800991096824	348.093389184091	0	391.312445488828	1462.35622739213
TSHR	3.25241725769562	0	70.1414347177452	0	0	6.90459488401942	0	0	24.8185131962742	0	0	521.803904011085	0	12.120728802548	0	0	402.919235630986	1895.93045201184	132.884677475437	0	0	0
TTC38	1	1	1	1	1	4278.15445955337	1	1	1	1	1	1	1	6006.37186497423	1	5840.27439981597	1	1	6329.3776920684	1	1	1
TXK	655.410844196696	597.141716783909	0	0	7.83867725006205	551.515290055422	0	72.7298274084059	0	3.62126335385214	122.055686771401	0	1581.53214825561	30.109769153259	347.5998752288	85.6177100260081	0	0	0	0	1882.17914518289	0
TYR	1	1	1	1	1	1	1	1	1	1	1	1	1	64342.4075950578	1	282680.681272511	1	1	228736.672394523	1	1	1
UBASH3A	558.839188496679	1191.86490753624	1	902.171841587904	1	1	1	1	1	1	1	1	1	1	1	1	1	1	1	1	1	1
UGT1A8	1.77076992611286	1.48025737078224	0	0.432783921880176	0	3.95779481072432	0.327411796597669	0	0	0	0.610852149976312	2.53864307952471	0.115185390185686	0	0	0	0	0	6.24318440329612	0	17.1070402789072	5.88106225134801
UGT2B17	228.174484225438	175.35324963237	1	1	1	1	1	1	1	1	1	1	1	1	1	1	1	1	1	1	1	1
UPK3A	122.680396515448	137.228316133806	0	30.7745797780531	0	2.92167093913437	0	0	124.456517078039	19.0723327923334	0	0	253.220319925722	22.9929387765807	0.474957466174238	18.635268074771	0	0	0	0	0	39.949304375526
VILL	1	1	1	1	6662.3599697711	1	1	1	1	1	1	1	1	934.321043321505	1	1088.60020665696	1	1	3651.16124632838	1	1	1
VNN1	0	1709.81065873239	0	15.4310424739537	555.341976093977	830.107010433059	214.526763014957	0	0	0	0	244.881374492769	690.584661897278	61.7051459446831	141.866035903569	155.625672155104	0	0	0	0	0	3.43496746332607
VNN2	806.160299851627	1107.81151062725	0	626.134491407696	0	819.192972300559	0	0	0	1075.77693852527	0	0	1521.67325440912	0	155.637471015572	78.3005438795939	0	0	0	1396.4330802211	5764.90094560115	824.063662852032
VNN3	0	0	0	0	0	46.2235608946144	0	68.6505561567421	0	0	0	0	0	20.9149373323311	15.3287987812228	0	134.273090256495	403.344271586502	0	0	0	614.06138344751
VPREB3	12649.5803802861	15980.8447473001	1	1	1	1	1	1	1	1	1	1	1	1	1	1	1	1	1	1	1	1
WNT5B	256.889432761721	0	0	0	3579.14515080833	1159.80483836388	82.3286255106215	0	1076.97753327033	0	0	129.835118498337	0	84.3709313134715	0	887.504990915841	0	3104.4175175122	18.0836543489318	2848.72606363083	0	0
WNT7A	0	0	0	0	35.6913894235929	0	0	0	0	0	0	269.692253409967	0	10.842192566487	0	0	161.644812236335	4402.28305368437	368.814041125464	0	0	0
ZAP70	3649.6343589347	2724.5576873712	0	1287.4979952224	184.915389422507	73.348951883055	600.52386210306	786.298956610705	112.463980681762	0	568.719377365277	644.408676069968	0	26.0339360719882	0	151.184606357182	0	79.3371221824922	0	0	0	0
ZBP1	295.300314100294	759.761504236156	206.53670808575	371.695785715696	0	45.1988582637606	395.071542397781	0	395.506172878294	0	0	0	0	0	199.882490368906	0	0	153.380419127368	0	0	0	0
ZBTB10	1	1	1	1	1	8733.51938001797	1	1	1	1	1	1	1	1030.95082875376	1	5634.72001978377	1	1	1	1	1	1
ZBTB32	359.481065991613	599.562627697133	0	149.519065860277	69.1214166173102	0.765722847911474	313.494961715913	155.558751522413	254.651634173706	7.53816627388079	297.820042347189	0	30.9196991938731	34.1056733442468	48.8803886348572	0	0	0	0	1206.06724184599	428.959800523897	0
ZFP36L2	4156.68174796825	13389.2635371286	0	0	101455.464290951	51259.7735774267	0	0	0	10131.8971822852	0	54986.7413166145	23.7152616164021	14634.5689032517	6367.04089598001	17497.9587175444	16073.1978992791	246350.901545196	32392.7676243377	36.0134596413206	0	0
ZNF135	0	0	0	0	190.845160160254	1379.40462129909	0	617.627444092882	0	0	2167.26695276989	0	822.404280857677	190.758991952334	0	241.523083145188	406.566528495627	1754.09790686333	313.720572804182	0	415.567023903606	0
ZNF165	1	1	1	1	1	747.317039221933	1	1	1	1	1	1	1	208.774369921201	1	1	1	1	1	1	1	1
ZNF204P	557.077247265267	445.461120419072	0	0	0	1156.49088675233	0	0	0	0	0	652.501002372473	2427.23837922265	412.028314059288	0	0	0	188.363865433792	0	0	0	0
ZNF222	180.972062266273	0	0	0	2359.01150082558	2235.74359830045	0	1108.45182130049	0	725.982284392088	1647.52947209522	0	1001.59859409565	493.312899002878	3.25779964106202	788.052148522266	0	430.226131938615	1702.70239480784	44.0721466852318	1851.62121669282	0
ZNF286A	591.686883689939	0	0	0	1322.39281931443	1198.2715452104	0	0	0	0	936.591625730005	0	536.456673008246	408.746485151064	3.0476289580818	638.037468299365	0	745.616524734323	1663.56032761065	2356.3959443293	0	0
ZNF324	1	1	1	1	1	1457.64269472518	1	1	1	1	1	1	1	1335.95058499725	1	1186.79990142088	1	1	2387.65466987208	1	1	1
ZNF442	69.5454642265759	0	0	0	899.800459286903	210.158489194405	0	88.3010993651256	0	0	2.20685445871394	43.4685674291711	153.018670834998	44.5841415504041	22.9945344072879	151.125905477676	0	220.499677866747	193.888004736198	0	249.153208027993	0
