GeneSymbol	B.cells.naive	B.cells.memory	Plasma.cells	T.cells.CD8	T.cells.CD4.naive	T.cells.CD4.memory.resting	T.cells.CD4.memory.activated	T.cells.follicular.helper	T.cells.regulatory..Tregs.	T.cells.gamma.delta	NK.cells.resting	NK.cells.activated	Monocytes	Macrophages.M0	Macrophages.M1	Macrophages.M2	Dendritic.cells.resting	Dendritic.cells.activated	Mast.cells.resting	Mast.cells.activated	Eosinophils	Neutrophils
ABCB4	NA	NA	NA	NA	NA	1735.18831058158	0	0	NA	0	NA	NA	2928.47902598448	661.680022415699	NA	NA	NA	0	NA	NA	NA	NA
ABCB9	NA	NA	NA	NA	NA	NA	NA	NA	1	NA	1	NA	NA	951.247932292392	NA	1	NA	NA	1440.78247405065	NA	NA	6106.52277749828
ACAP1	2841.11897870666	4713.28269549406	NA	1189.74027697975	NA	NA	1	1	2696.30901535915	NA	NA	NA	1	NA	1	1	1	NA	1	NA	1	NA
ACHE	1255.05340852684	NA	NA	NA	NA	NA	0	NA	NA	NA	NA	1326.0254061489	NA	NA	0	734.74401491372	0	NA	NA	NA	NA	NA
ACP5	1	1	NA	NA	NA	1	NA	NA	NA	NA	1	1	NA	48905.7289429408	NA	42405.01779226	1	NA	NA	1	1	NA
ADAM28	789.083402831142	1691.44144339826	NA	156.687885308466	0	308.519381845283	NA	0	NA	388.956119664337	0	0	799.425903170421	NA	NA	NA	0	0	0	0	0	0
ADAMDEC1	2200.03686714082	3371.90467425812	NA	1314.0934403317	NA	NA	NA	0	2599.73319069664	NA	0	0	0	688.054284012184	2042.66464622218	0	0	0	0	0	0	0
ADAMTS3	NA	0	NA	0	NA	NA	0	0	0	NA	NA	NA	NA	NA	0	NA	0	0	2270.60412129405	NA	NA	0
ADRB2	NA	0	NA	NA	0	1144.32495899172	NA	NA	NA	1680.85889910769	0	NA	NA	NA	0	NA	0	NA	771.380602712055	NA	NA	0
AIF1	NA	NA	NA	9425.60818988162	0	6996.06006993467	NA	0	NA	NA	0	NA	44611.0362292967	2106.58680719525	10648.1549672629	4480.73458453587	NA	0	0	NA	0	NA
AIM2	0	13156.1111117773	NA	NA	NA	NA	8023.65576145607	0	0	NA	0	NA	NA	4485.79666582773	NA	0	0	NA	NA	NA	0	NA
ALOX15	0	0	NA	0	NA	NA	0	NA	NA	NA	NA	NA	NA	NA	NA	NA	NA	0	NA	0	NA	0
ALOX5	1174.47429938887	4141.69082281121	NA	880.299663562698	0	1835.57331399679	NA	0	3050.00246289541	0	0	0	5507.2477320746	620.234224392425	1669.50018252894	815.774578709898	NA	NA	0	NA	0	NA
AMPD1	39.6951919222827	142.384277727688	NA	31.7394959962254	0	NA	0	0	160.221416125055	NA	0	0	58.8747050361987	0	NA	0	0	0	0	0	0	0
ANGPT4	12.7943151846255	0	NA	0	0	NA	0	0	NA	15.9061683169955	0	NA	NA	10.4267724625936	0	NA	149.07074880751	0	NA	0	0	NA
ANKRD55	279.815695916469	592.418847667283	NA	0	0	113.195557533202	0	NA	0	0	NA	NA	NA	NA	182.001991765113	0	NA	0	NA	0	NA	0
APOBEC3A	0	0	NA	NA	0	0	1121.36084080702	NA	0	NA	NA	NA	NA	NA	NA	0	0	4630.7622299853	NA	NA	NA	NA
APOBEC3G	0	NA	NA	NA	0	NA	6091.11272513354	0	NA	NA	NA	NA	NA	NA	NA	NA	0	NA	NA	0	0	NA
APOL3	1	NA	NA	4128.47788359754	1	NA	NA	1	NA	NA	NA	1	NA	NA	8694.12933367702	1	1	1	1	NA	1	1
APOL6	1	NA	NA	3731.18403983159	NA	3911.71948830599	1	NA	1	NA	1	NA	1	NA	15895.6031947392	NA	1	1	NA	NA	1	NA
AQP9	1	1	NA	NA	1	NA	1	1	1	NA	1	1	1	611.560257535607	1	NA	NA	NA	1	1	1	7018.15852998732
ARHGAP22	0	0	NA	NA	0	1523.03349235939	NA	0	0	0	NA	NA	NA	448.160009503956	NA	1033.30854664497	0	0	0	NA	0	NA
ARRB1	NA	0	NA	NA	NA	3758.45995889276	0	NA	NA	NA	NA	NA	NA	3276.52213793013	NA	6102.59859980993	NA	NA	NA	NA	NA	NA
ASGR1	NA	0	NA	NA	NA	NA	NA	NA	NA	0	0	1361.29288761284	NA	268.421335764203	0	NA	0	0	NA	NA	0	NA
ASGR2	NA	0	NA	NA	0	NA	NA	NA	NA	0	0	NA	NA	NA	NA	NA	NA	0	NA	0	0	NA
ATHL1	2950.02357091295	9168.44370979484	NA	NA	NA	NA	NA	NA	0	NA	NA	9098.0341206199	NA	1049.23106338336	NA	4070.99884186157	NA	NA	NA	NA	NA	NA
ATP8B4	NA	145.368573468523	NA	NA	NA	209.454584644438	NA	0	NA	227.543097416024	0	0	448.145663478123	NA	153.198533186631	118.880596993884	0	NA	0	316.193552188364	0	NA
ATXN8OS	0	NA	NA	0	0	0	0	0	0	1.79543411614668	4.80167518707702	3.99411945626995	0	0.797385277514433	0.208743602152051	NA	0	0	NA	0.080412839022737	NA	0
AZU1	NA	0	NA	0	0	NA	0	0	NA	0	NA	308.58866306628	279.802356137555	26.655539746741	0	NA	114.745483562594	0	0	NA	0	NA
BACH2	657.489048985974	NA	NA	NA	5570.01877797331	2140.60863113683	0	NA	NA	NA	NA	NA	NA	163.117628127293	0	NA	0	NA	1745.14496234678	NA	NA	0
BANK1	3249.51666992182	5588.8848885956	NA	1	NA	1	1	1	NA	1	1	1	1	1	1	1	1	1	1	1	1	1
BARX2	0	NA	NA	0	0	NA	0	NA	NA	NA	0	NA	0	722.990091644333	NA	0	3825.00831695697	14526.8054371915	NA	0	0	NA
BCL11B	505.508553163298	NA	NA	NA	NA	699.311856710831	NA	0	NA	0	0	NA	0	NA	NA	0	NA	NA	NA	NA	0	NA
BCL2A1	1	NA	NA	1	NA	NA	1	NA	1	NA	1	NA	NA	23538.1434723581	NA	NA	1	NA	45923.4122330744	NA	1	NA
BCL7A	1288.32453629351	0	NA	0	NA	3116.2956243882	0	4445.7179236167	0	NA	5180.61903234831	NA	NA	1763.32141687346	0	2643.0545678029	NA	12921.1735552074	5029.35916877867	NA	15909.3399989597	NA
BEND5	1150.37364800767	0	NA	0	NA	1171.16264123655	0	NA	0	NA	2109.13459301138	NA	NA	NA	0	NA	0	NA	4035.86943158486	0	NA	0
BFSP1	NA	NA	NA	0	NA	3983.87257574807	0	NA	NA	NA	3423.08437083728	NA	NA	1321.3027611278	NA	NA	9260.53282157486	0	4023.15210879434	NA	NA	NA
BHLHE41	NA	NA	NA	NA	1	1	NA	NA	NA	NA	NA	NA	NA	12329.4867573383	1	NA	NA	NA	25885.2877523648	NA	NA	1
BIRC3	5922.53134369466	5893.73087618309	NA	NA	0	NA	3555.89177959596	NA	NA	0	NA	0	NA	NA	2525.46898485662	0	NA	NA	0	NA	0	18085.2759507119
BLK	2755.3269345634	4347.38399231972	NA	1	NA	1	1	1	NA	1	1	1	1	1	1	1	1	1	1	1	1	1
BMP2K	NA	NA	NA	0	4498.34049342168	1949.95602981794	NA	632.238133158732	0	NA	NA	0	NA	379.978778783869	864.607776448533	848.032438422582	NA	NA	977.346671221455	NA	NA	NA
BPI	NA	NA	NA	0	NA	0	NA	NA	0	NA	NA	NA	1767.86624209635	NA	0	NA	0	0	0	NA	0	NA
BRAF	NA	1	NA	NA	NA	3967.88115741389	NA	NA	1	1	NA	NA	NA	1524.63301925727	1	2101.38165811762	NA	NA	1	NA	NA	NA
BRSK2	NA	0	NA	0	NA	0	0	NA	0	NA	NA	NA	0	547.594340586985	0	1348.29403871857	NA	NA	NA	NA	NA	0
BST1	NA	NA	NA	0	6934.38541549732	NA	NA	NA	NA	NA	6051.30834212922	0	NA	659.913521873834	1763.74592341126	3322.3858293621	NA	NA	6675.15625006978	NA	0	NA
BTNL8	0	0	NA	NA	0	NA	NA	0	NA	0	0	NA	0	0	NA	0	NA	NA	0	NA	0	NA
C11orf80	NA	NA	NA	1	NA	1753.71898482891	NA	1	1	1	1	1	NA	1351.95401223407	NA	1167.24934633406	1	NA	1949.67910419932	NA	NA	NA
C1orf54	NA	NA	NA	NA	1	4127.19634511062	NA	NA	NA	1	NA	NA	1	1767.14610998323	NA	3104.95375923959	NA	NA	NA	NA	NA	NA
C3AR1	0	NA	NA	2510.46960892201	0	4847.47156146513	NA	0	NA	NA	0	0	14982.4134758598	1857.193373698	2829.55446792495	3391.12059146677	0	NA	0	NA	0	NA
C5AR1	0	0	NA	NA	0	2584.63151837767	NA	0	0	NA	0	0	8877.12522165047	1588.61599118652	0	2962.91454937727	0	0	0	NA	NA	NA
C5AR2	NA	1	NA	55.7746771411899	NA	100.073730029418	1	1	1	NA	1	NA	233.211731709264	72.9987126407265	NA	105.768132043743	NA	1	1	NA	NA	1
CA8	NA	NA	NA	0	0	NA	NA	5793.65647064545	NA	0	NA	NA	NA	NA	NA	NA	6543.94565989066	0	NA	NA	NA	NA
CAMP	NA	NA	NA	0	0	NA	NA	0	NA	NA	NA	NA	3150.509536905	NA	NA	0	NA	0	0	NA	0	NA
CASP5	0	0	NA	95.1618057929417	NA	NA	405.856579130251	0	0	NA	NA	0	252.315414196131	NA	98.8020144941034	NA	0	0	0	294.35287998933	0	448.35731769251
CCDC102B	865.818337547863	NA	NA	0	NA	1554.3408596139	NA	0	NA	NA	NA	NA	NA	NA	0	548.507196793021	0	NA	NA	0	NA	0
CCL1	0	NA	NA	NA	0	NA	88.9013854440577	NA	0	139.87870970778	NA	NA	0	NA	0	0	126.280346413802	0	NA	0	0	NA
CCL13	NA	NA	NA	0	NA	NA	NA	0	0	0	0	0	NA	NA	NA	3625.60660357753	NA	NA	0	7549.54962805932	0	NA
CCL14	180.069055874924	NA	NA	NA	0	99.8161952520985	NA	0	461.215293069467	NA	0	NA	NA	NA	0	NA	258.971903736319	0	239.401446809044	0	0	0
CCL17	0	NA	NA	0	NA	NA	NA	4777.59280567527	NA	0	5202.31678863279	NA	NA	539.137328333832	NA	NA	3605.07663051489	32876.594666251	2252.21088154668	NA	NA	0
CCL18	NA	0	NA	NA	0	0	NA	0	NA	0	NA	55654.093158579	0	NA	0	15878.6029482116	NA	0	0	51792.3666778511	0	NA
CCL19	77778.1564120723	103191.400070329	NA	NA	1	1	NA	1	117156.525429244	1	1	NA	1	1	NA	1	NA	1	1	1	1	1
CCL20	0	NA	NA	0	0	NA	NA	NA	0	0	NA	NA	NA	NA	NA	0	NA	NA	0	49202.3554120643	0	44709.3677774606
CCL22	NA	1	NA	1	NA	NA	1	1	2930.24565020645	1	1	NA	NA	NA	1	NA	NA	34110.8703669857	NA	NA	1	1
CCL23	NA	0	NA	NA	0	NA	NA	0	0	0	NA	NA	0	NA	NA	544.227864254145	0	0	NA	NA	NA	0
CCL4	1	1	NA	6538.61520222783	1	NA	1	1	1	1	NA	NA	NA	NA	NA	1	1	NA	1	1	NA	1
CCL5	1	1	NA	60190.7040117797	1	NA	NA	1	1	1	NA	NA	1	1	1	1	1	NA	1	NA	1	1
CCL7	0	0	NA	NA	0	NA	1213.80747438935	0	0	NA	0	NA	1250.80388353842	334.961528687558	NA	0	NA	NA	0	NA	0	NA
CCL8	0	0	NA	NA	0	NA	5340.99457765254	0	0	NA	NA	0	3353.22231937073	NA	5463.4404315771	NA	0	0	0	NA	0	0
CCND2	5208.20969695106	NA	NA	NA	0	13565.0714890195	NA	0	NA	NA	NA	18546.3714285056	0	NA	NA	NA	0	NA	NA	NA	0	NA
CCR10	NA	NA	NA	NA	0	NA	0	NA	0	NA	NA	NA	NA	390.981236824103	NA	NA	0	NA	NA	NA	NA	NA
CCR2	NA	699.61963989512	NA	597.941402641789	0	761.089527005394	258.932502192946	0	995.436314523104	NA	0	0	NA	NA	708.360066975132	0	0	NA	0	0	0	0
CCR3	0.842579618072295	NA	NA	8.90939617457954	0	35.1593867520974	13.0192156274562	NA	NA	34.5360638616657	0	NA	0	NA	NA	0	0	NA	0	97.133061319952	0	107.88016679017
CCR5	1	NA	NA	3216.05011532111	1	1	NA	1	1	1	1	1	1	NA	1	1	1	1	1	NA	1	1
CCR6	110.390389608813	178.312495645739	NA	1	NA	1	1	1	1	1	1	1	1	1	1	1	1	1	1	1	1	1
CCR7	8712.92748741505	12612.9267480011	NA	NA	NA	1	1	1	11088.2943037968	1	1	1	1	1	1	1	1	NA	1	1	1	1
CD160	91.5849107756218	NA	NA	62.8767974895183	NA	141.391196099814	NA	NA	0	350.721727289507	NA	NA	NA	22.4612853566438	78.4409939152976	47.4957008062533	NA	0	97.5409500204289	NA	NA	0
CD180	1720.4856962366	2695.31736862338	NA	1	1	NA	NA	1	1	1	1	1	2373.03670332098	NA	1	332.195307065552	NA	1	1	1	NA	1
CD19	7304.58597697844	9679.10886346505	NA	1	NA	1	1	1	NA	1	1	1	1	1	1	1	1	1	1	1	1	1
CD1A	NA	1	NA	1	NA	1	NA	1	1	1	1	NA	1	NA	1	1	6493.97854969626	NA	NA	NA	1	NA
CD1B	1	NA	NA	NA	NA	NA	NA	1	NA	1	1	NA	1	NA	NA	1	1631.15283558667	NA	1	1	1	1
CD1C	2519.26092181277	4186.61161727268	NA	NA	NA	1	NA	1	1	1	1	NA	NA	NA	NA	1	5494.21912367387	1	1	1	1	1
CD1D	1019.50350211921	1815.1534429693	NA	NA	NA	NA	0	0	NA	NA	0	NA	2658.30460761777	312.105011023355	933.265662505273	NA	NA	0	NA	NA	NA	0
CD1E	412.000340074511	878.683452408737	NA	NA	NA	325.081491660986	0	0	654.286866365179	NA	0	0	0	NA	NA	0	1977.0982977077	NA	NA	0	0	0
CD2	1	1	NA	12018.4477845102	NA	1	1	1	1	NA	1	1	1	1	NA	1	1	1	1	1	1	1
CD209	1	NA	NA	855.142053718205	NA	NA	NA	1	NA	NA	NA	1	3584.21399412639	NA	1	1824.18580949008	NA	NA	NA	NA	NA	NA
CD22	10805.071651136	8870.89572328653	NA	NA	NA	NA	0	0	NA	NA	15968.7189203531	NA	NA	NA	NA	NA	0	0	NA	0	79117.1012477113	0
CD244	482.332724793392	NA	NA	551.704201454541	0	NA	NA	NA	0	2274.77670593274	0	0	NA	NA	NA	0	NA	0	616.555787215302	NA	NA	0
CD247	1906.96169545163	2550.61249984057	NA	1529.89739511056	NA	NA	1	1	1	1	1	1	1	1	1	1	1	1	1	1	1	1
CD27	4782.88473005696	8173.55206212803	NA	7147.59796856757	NA	1	1	1	8891.47915835607	NA	1	1	1	1	1	1	1	1	1	1	1	1
CD28	1116.77225221129	1695.25645529321	NA	291.136334752275	NA	472.232517027705	NA	0	NA	NA	NA	0	1131.79082919753	NA	NA	318.834666399663	0	0	0	NA	NA	0
CD300A	NA	NA	NA	1165.3121125336	NA	NA	1	1	NA	NA	1	1	9412.67843623859	1222.44938662612	1	1147.86036490064	NA	1	1	NA	1	NA
CD33	NA	NA	NA	NA	0	NA	NA	0	0	NA	NA	NA	1674.28428612762	461.202307173831	NA	NA	0	0	NA	0	0	0
CD37	14688.0095638709	18894.8382061839	NA	2620.80638917623	NA	NA	NA	1	13641.2329020812	1	NA	NA	1	NA	1	NA	1	1	1	NA	1	NA
CD38	850.538268793426	NA	NA	1305.73253118012	0	NA	NA	NA	0	NA	0	0	1496.45766192239	NA	1962.94539875429	0	NA	0	0	NA	0	0
CD3D	7477.27823718233	13060.6244279798	NA	9767.55516979032	NA	1	1	1	1	NA	1	NA	1	1	1	1	1	1	1	1	1	1
CD3E	8412.99871094623	13151.0578374995	NA	9501.08938834701	NA	1	NA	1	1	NA	1	1	1	1	1	1	1	1	1	1	1	1
CD3G	1174.93053850142	1929.09726999362	NA	1330.43825283322	NA	1	NA	1	1	1	1	1	1	1	NA	1	1	1	1	1	1	1
CD4	NA	NA	NA	8014.46510564192	NA	7057.22405739399	0	0	13380.5922694548	NA	NA	NA	14095.742973245	NA	NA	5598.99017216046	0	0	NA	0	0	0
CD40	6515.97705917387	NA	NA	2214.16412464401	NA	NA	NA	1	NA	NA	NA	NA	12787.1588943959	2966.30409898055	1	NA	1	NA	NA	1	NA	NA
CD40LG	1591.11199179283	2924.84202836691	NA	NA	NA	1	NA	1	1	1	1	1	1	1	1	1	NA	1	1	1	1	1
CD5	3228.08465155668	4621.20877622843	NA	1624.98601020318	NA	NA	NA	0	6704.53669149775	0	0	NA	0	0	0	0	NA	0	0	0	0	0
CD6	1943.45435979304	2837.76648294582	NA	1493.69900258339	NA	1	NA	1	3329.81470296684	NA	1	1	1	1	1	1	1	1	1	1	NA	1
CD68	0	0	NA	NA	0	0	NA	0	NA	NA	NA	1468.57015298726	NA	491.78649127183	0	732.395538547342	NA	0	NA	0	NA	2987.61804727979
CD69	2479.43578548488	4378.78584638836	NA	538.173449905771	NA	710.98099937706	1	1	NA	NA	1	1	NA	1	NA	1	1	NA	1	NA	1	NA
CD7	1	NA	NA	5118.63347383888	NA	1	1	1	1	1	NA	NA	1	1	1	1	1	1	1	NA	1	NA
CD70	1	NA	NA	NA	1	1	NA	1	NA	NA	NA	1	NA	NA	NA	1	NA	NA	NA	88146.9679827044	1	NA
CD72	2710.98983122604	2424.4589183032	NA	1919.53768848471	NA	NA	NA	1	NA	NA	NA	1	2794.60827810591	NA	1	NA	1	1	1	NA	1	1
CD79A	42501.437430578	46363.0098190846	NA	NA	NA	1	NA	1	1	1	1	1	1	1	1	1	1	1	1	1	1	1
CD79B	18023.8411747585	16692.9896205363	NA	NA	1	NA	1	NA	NA	NA	1	NA	NA	NA	NA	NA	1	NA	NA	1	NA	NA
CD80	NA	223.770864042952	NA	95.0862988012579	0	260.871753193313	197.299013204134	0	NA	NA	0	0	NA	40.7996122964359	291.976209518389	NA	0	NA	0	NA	NA	0
CD86	NA	NA	NA	1605.50454178203	0	1283.10531553835	725.482287524801	0	NA	2788.56268205764	0	0	5631.22911453421	484.97845011122	2291.28525464767	825.514722324548	0	0	0	NA	0	0
CD8A	1	1	NA	11473.8075106185	1	1	NA	1	1	NA	1	1	1	1	1	1	1	1	1	NA	NA	1
CD8B	1	1	NA	4882.79114070106	1	1	NA	1	1	NA	NA	1	1	1	1	1	1	1	1	1	1	1
CD96	1005.88079442736	NA	NA	1026.40032396528	NA	733.42156567455	NA	0	955.57290198746	0	0	0	NA	NA	NA	0	0	0	0	NA	NA	NA
CDA	0	0	NA	NA	0	NA	NA	0	0	0	NA	NA	0	NA	0	0	NA	NA	NA	NA	0	15005.522711721
CDC25A	NA	1	NA	1	NA	2207.55416550119	NA	1	1	1	NA	NA	NA	1891.37359667685	1	1518.83244338352	NA	NA	3652.28069035934	NA	1	NA
CDH12	NA	NA	NA	0	0	NA	NA	0	NA	0	NA	NA	NA	NA	0	0	NA	NA	NA	0	0	NA
CDHR1	NA	NA	NA	0	NA	NA	0	NA	NA	NA	NA	NA	0	NA	NA	NA	NA	NA	1083.48059066996	NA	NA	NA
CDK6	NA	0	NA	0	NA	18259.6267481749	0	NA	0	NA	NA	NA	14321.1301783548	4649.14254470591	NA	NA	NA	NA	NA	NA	NA	NA
CEACAM3	NA	NA	NA	NA	1	1	1	NA	NA	1	NA	NA	1	NA	NA	NA	NA	1	1	501.108664741307	1	696.492158760019
CEACAM8	2.83475685222081	0	NA	0	0	NA	0	0	0	0	NA	11.7802732994364	NA	NA	0	0	NA	45.7959218595199	0	1.72475861223726	0	NA
CEMP1	0	0	NA	0	0	0	0	0	0	0	0	0	0	0	0	0	0	0	0	0	0	0
CFP	1089.46827834283	1	NA	231.449162709869	NA	1	NA	1	1	NA	NA	1	1003.99245796536	94.9643562412308	1	NA	NA	NA	NA	NA	NA	NA
CHI3L1	NA	NA	NA	0	0	NA	NA	NA	NA	NA	NA	NA	0	NA	0	NA	NA	0	NA	0	0	NA
CHI3L2	NA	NA	NA	1	NA	NA	1	NA	NA	NA	NA	NA	1	760.353508700647	NA	1	NA	NA	NA	NA	1	NA
CHST15	1225.20700463878	NA	NA	NA	0	1962.32324795973	NA	0	NA	NA	0	NA	NA	1003.69151668258	NA	1490.18617675698	NA	NA	0	NA	0	NA
CHST7	NA	NA	NA	NA	NA	1	1	1	NA	1	1	NA	NA	705.602826742503	1	795.161148914862	NA	NA	NA	NA	NA	NA
CLC	47.3881407887681	NA	NA	NA	NA	0	NA	0	NA	NA	0	0	0	NA	0	NA	NA	0	0	2.37362257706513	NA	0
CLCA3P	0	0	NA	0	1.38774729085081	33.2209482048188	NA	NA	0	2.92039961045696	0	0	0	NA	NA	0	NA	NA	0	0	0	134.41270557818
CLEC10A	1653.34555631954	NA	NA	993.931935368306	NA	1101.39227697166	NA	0	NA	4562.96658037092	0	NA	1788.39815818547	NA	893.044712532584	NA	4865.1155153483	0	0	0	0	0
CLEC2D	1034.73477549223	5457.05785893299	NA	NA	NA	NA	849.757521372334	2355.36304179032	0	1270.29856276452	3267.56248021389	NA	NA	NA	NA	984.014917967187	NA	NA	NA	NA	NA	NA
CLEC4A	NA	1	NA	1	NA	1233.71792116006	NA	1	NA	NA	1	NA	2237.44092386502	459.088208619809	1378.09625957445	525.896759142892	NA	NA	1	1	1	NA
CLEC7A	NA	NA	NA	492.083876009873	NA	963.203434706677	NA	0	NA	NA	0	0	2493.68581438054	247.814092690475	1780.99945699358	NA	NA	NA	0	NA	0	NA
CLIC2	NA	4502.84583764529	NA	NA	NA	4161.48914850007	NA	0	0	5210.33085761219	NA	NA	NA	NA	6480.58906864222	NA	0	NA	NA	0	0	0
CMA1	0	0	NA	0	0	NA	0	0	0	0	0	0	0	NA	0	0	1585.82984704576	NA	725.433376674654	0	0	NA
COL8A2	NA	NA	NA	0	NA	3048.60778002868	0	0	NA	NA	0	NA	NA	1841.5631614022	NA	NA	NA	NA	4625.93090742569	NA	0	0
COLQ	946.400848191346	1409.55591480794	NA	0	840.614083201632	NA	0	NA	NA	NA	1341.07592085128	NA	NA	NA	NA	NA	NA	NA	477.126005573777	NA	0	0
CPA3	NA	0	NA	0	0	715.082779080418	NA	0	0	0	0	0	NA	267.517364913846	0	NA	3420.96586419024	5463.71205375126	2027.88941357772	0	0	NA
CR2	15946.7059172461	18448.4760945892	NA	1	NA	1	1	1	1	1	1	1	1	1	1	1	1	1	1	1	1	1
CREB5	NA	NA	NA	0	NA	4104.14888634055	0	0	NA	NA	NA	NA	0	1593.18757282006	NA	NA	NA	NA	2541.78020383887	NA	0	NA
CRISP3	0	NA	NA	NA	0	NA	0	NA	0	NA	NA	0	0	NA	NA	NA	NA	NA	NA	0	NA	NA
CRTAM	NA	NA	NA	940.541838672066	1	1	NA	1	NA	1	1	1	NA	1	NA	1	1	1	1	NA	1	1
CRYBB1	NA	NA	NA	1	NA	NA	1	1	NA	NA	1	1	1662.22110717897	170.537419823069	NA	449.040333224018	1	1	NA	1	NA	1
CSF1	0	9413.43942997943	NA	3700.32334084676	NA	6864.24042452744	0	0	NA	NA	NA	NA	25979.7657387387	3907.77765982511	NA	5741.44476607442	NA	0	0	NA	0	0
CSF2	NA	0	NA	NA	0	NA	NA	0	0	0	0	NA	NA	NA	NA	NA	NA	NA	0	1235.3122926781	0	NA
CSF3R	NA	0	NA	711.830681867834	0	NA	0	0	NA	NA	NA	NA	2479.6126770482	235.3992246247	NA	NA	0	0	NA	6886.39035240501	NA	10692.1358192749
CST7	0	NA	NA	16600.7263616594	0	0	NA	NA	0	NA	0	NA	NA	NA	0	0	NA	0	0	NA	0	NA
CTLA4	NA	NA	NA	NA	NA	NA	NA	0	NA	NA	NA	NA	0	NA	0	0	0	NA	0	NA	NA	NA
CTSG	0	0	NA	0	0	0	0	0	0	NA	0	NA	0	1346.79798930116	0	NA	5246.73408580032	NA	NA	0	0	NA
CTSW	1	NA	NA	6760.45338658585	1	1	NA	1	NA	NA	NA	1	NA	NA	1	1	1	1	1	NA	1	1
CXCL10	0	0	NA	20758.9250496546	0	0	24552.6879042753	0	0	NA	NA	0	NA	0	74919.3846716734	0	0	0	0	NA	0	0
CXCL11	0	0	NA	NA	0	0	4767.93411146014	0	0	8390.24819124023	NA	0	NA	0	9873.34913036817	0	0	NA	0	0	0	0
CXCL13	23888.0547007765	42107.7014953954	NA	10256.3360491187	NA	NA	9272.44474780357	0	0	NA	0	0	0	0	0	0	0	NA	0	0	0	0
CXCL3	0	0	NA	NA	0	NA	2296.00897760313	0	0	NA	NA	0	0	NA	NA	NA	0	NA	0	36656.4544160333	0	NA
CXCL5	0	0	NA	0	NA	NA	NA	0	0	0	0	0	0	NA	NA	NA	0	NA	0	111026.485907418	0	NA
CXCL9	0	0	NA	32843.8757947641	0	0	24875.0121832049	0	0	NA	0	0	0	0	47706.663583971	0	0	0	0	NA	0	0
CXCR1	1	1	NA	NA	1	1	NA	1	NA	NA	NA	NA	NA	NA	NA	1	NA	NA	NA	NA	1	8896.52801238605
CXCR2	NA	0	NA	NA	0	NA	0	NA	0	NA	NA	NA	0	NA	NA	0	782.436610268413	2455.0610167402	254.152431773434	2842.88819550061	0	5078.95692086861
CXCR5	396.359537267823	565.29968462295	NA	1	NA	1	1	1	1	1	1	1	1	1	1	1	1	1	1	1	1	1
CXCR6	1	1	NA	1871.15021390238	1	1	1	1	1	1	NA	1	NA	1	NA	1	1	1	1	1	1	1
CXorf57	NA	NA	NA	NA	NA	1785.60353196023	NA	NA	0	NA	NA	NA	0	534.861924288274	NA	750.010970930929	NA	0	NA	0	NA	0
CYP27A1	1	1	NA	NA	1	1	1	1	NA	NA	1	NA	1	29158.3160984005	NA	47720.3179858857	NA	NA	113631.144508192	NA	NA	NA
CYP27B1	NA	1	NA	NA	NA	1969.56041172993	NA	1	1	NA	1	NA	NA	741.295887555926	NA	NA	1	1	NA	NA	NA	NA
DACH1	NA	0	NA	0	0	1195.07532001234	NA	NA	0	0	NA	NA	NA	NA	0	NA	NA	NA	NA	0	0	0
DAPK2	NA	NA	NA	NA	NA	206.917175953806	NA	NA	NA	NA	NA	NA	NA	109.943485163138	NA	NA	667.00793939218	448.824586069032	239.825349169886	0	0	NA
DCSTAMP	0	NA	NA	0	0	NA	0	0	0	NA	0	NA	NA	4618.13185173805	0	0	0	NA	0	NA	NA	NA
DEFA4	24.700852851901	63.0282231272831	NA	0	0	0	0.0837476837516473	0	48.8490269702102	0	0	0	0	0	0	0	NA	68.4590135975374	0	16.7745895792308	NA	0
DENND5B	NA	1	NA	NA	NA	4227.1467120031	1	1	1	NA	NA	1	NA	1	NA	2039.31113944715	1	NA	1	NA	NA	1
DEPDC5	1	1	NA	NA	NA	1566.62688898195	NA	1	1	1	1	NA	NA	1429.02978986363	NA	1343.75536658936	NA	NA	3208.48199090687	NA	1	NA
DGKA	2146.03994099127	2807.27368550619	NA	NA	NA	2151.73107473705	NA	1	NA	NA	1	1	NA	874.725121477292	NA	NA	NA	1	1697.84193158441	NA	1	NA
DHRS11	NA	NA	NA	NA	1	NA	1	1	NA	NA	1	NA	NA	2435.56821328467	NA	1743.54373589629	8762.3739242207	NA	3729.00234506574	NA	NA	1
DHX58	NA	NA	NA	0	2227.96471678046	NA	4408.31583757205	NA	NA	NA	3518.47437580099	NA	NA	1023.2442419678	7194.81984640177	3161.33941796096	0	NA	4844.7311984236	0	NA	NA
DPEP2	606.144485693169	590.090605805169	NA	265.182032732881	NA	NA	0	0	862.901598309948	NA	0	776.208177484223	676.952454588641	NA	0	265.984290746827	NA	0	0	NA	0	NA
DPP4	NA	NA	NA	0	NA	NA	NA	NA	NA	0	NA	NA	0	942.218270273854	NA	0	8838.22555993505	12680.8145530679	NA	NA	NA	NA
DSC1	0	NA	NA	0	NA	0	0	0	0	0	0	0	0	NA	NA	0	14783.7272108834	NA	5220.93381948456	NA	0	NA
DUSP2	1	NA	NA	NA	NA	NA	NA	NA	1	NA	NA	NA	NA	3303.8128514766	1	NA	NA	NA	NA	NA	78689.7386784361	1
EAF2	1645.68127999606	2168.66574866127	NA	NA	NA	633.532558238638	1	NA	1	1	1	1	1521.13160678535	311.184370694846	1017.14251249807	NA	NA	1	1	NA	1	NA
EBI3	NA	1	NA	2047.01359747623	1	NA	NA	1	1	NA	1	NA	3966.7653577826	NA	1	1	NA	NA	1	NA	NA	1
EFNA5	NA	NA	NA	0	0	3525.24395925628	0	0	0	0	NA	NA	6100.01693889863	1870.78190152247	2956.98142150576	NA	NA	0	3265.89860898053	0	0	0
EGR2	NA	NA	NA	NA	0	8419.59699823193	NA	NA	0	NA	0	NA	NA	2133.04563070959	NA	NA	NA	NA	0	NA	25069.6980384455	NA
ELANE	NA	0	NA	0	0	0	0	NA	NA	0	NA	431.168148469095	NA	NA	0	NA	NA	NA	NA	0	0	0
EPB41	6211.10670794355	NA	NA	NA	NA	5477.05052905059	NA	NA	1	1	NA	1	NA	2077.61308422482	NA	2112.94661132351	NA	NA	4587.14906797425	NA	NA	NA
EPHA1	NA	NA	NA	NA	NA	NA	0	NA	NA	NA	0	NA	0	NA	NA	0	2826.99416145386	NA	907.828341483841	NA	0	NA
EPN2	NA	NA	NA	1	NA	2951.2837732893	1	NA	1	NA	1	NA	NA	1694.88148376833	NA	2277.88380853395	1	NA	3601.10835040979	1	NA	NA
ETS1	NA	NA	NA	0	NA	31504.2319758495	NA	37466.7810281685	0	NA	NA	0	0	NA	NA	26172.5559709665	0	NA	NA	70896.5719311867	153734.565705935	0
ETV3	NA	NA	NA	1	NA	7145.80588823801	NA	1	1	1	1	1	NA	4641.97801874673	NA	6575.4661268715	1	NA	1	NA	1	NA
FAM124B	1	1	NA	NA	1	302.113192768238	1	1	NA	NA	1	NA	577.443398682939	120.629889590203	NA	149.77940659694	NA	NA	NA	NA	1	NA
FAM174B	1	NA	NA	1	NA	1	1	1	1	NA	NA	NA	NA	NA	1	12388.8408443083	NA	NA	13649.2369034932	NA	1	NA
FAM198B	NA	0	NA	0	NA	16056.7773141315	0	NA	0	NA	NA	0	20879.4168310004	NA	5570.16143392363	6993.46093048601	0	28519.508230427	NA	NA	0	0
FAM212B	NA	NA	NA	0	NA	NA	NA	NA	0	0	NA	NA	1112.00099120116	544.335580627744	NA	1151.73276056925	NA	NA	4541.32823183327	NA	NA	0
FAM65B	2610.45338425937	NA	NA	NA	5826.89377181543	NA	0	6488.26289638551	NA	NA	8413.18136049434	NA	NA	NA	2181.80057409113	1298.42815631192	NA	0	3453.08504601172	NA	NA	0
FASLG	1	1	NA	1339.86645750332	1	1	NA	1	1	1	1	1	1	1	NA	1	1	1	1	1	1	1
FBXL8	NA	NA	NA	1	NA	NA	1	1	1	1	1	NA	NA	727.603456770445	NA	1617.52502553833	NA	NA	1777.13072223019	NA	NA	NA
FCER1A	NA	NA	NA	1	NA	1676.5079068605	1	1	NA	NA	1	NA	NA	NA	1	NA	5877.62604765452	NA	1162.74572277716	NA	1	NA
FCER2	9626.42212970367	7810.37296869316	NA	1	NA	1	1	1	NA	1	1	1	1	1	1	1	1	1	1	1	1	1
FCGR2B	NA	4516.35824299834	NA	1	1	NA	NA	1	1	NA	NA	NA	1	1306.92775909594	NA	NA	1	1	NA	1	1	1
FCGR3B	1	1	NA	NA	1	NA	NA	1	1	1	NA	NA	1	NA	NA	NA	NA	NA	NA	NA	NA	11237.7052669329
FCN1	NA	NA	NA	651.290370152862	1	NA	NA	1	NA	NA	1	1	7947.48959124302	462.131038108235	NA	NA	NA	1	1	NA	1	1
FCRL2	1141.10210630008	1897.81004503563	NA	NA	NA	1	NA	1	NA	1	1	1	1	1	1	1	1	1	1	1	1	1
FES	1	NA	NA	NA	NA	NA	NA	NA	NA	NA	15238.4790182404	NA	1	4730.15116617934	1	3740.27634284863	NA	NA	10678.9242323884	1	NA	NA
FFAR2	0	0	NA	NA	0	NA	NA	NA	NA	NA	NA	NA	NA	NA	396.737923559662	NA	NA	6120.04743448408	NA	1530.28820327147	1448.53782149428	3861.6604855887
FLT3LG	204.113778076774	362.499552454082	NA	NA	592.194717002142	NA	377.786576498471	NA	506.406195871776	NA	NA	1566.05183874077	NA	160.556708258534	NA	NA	NA	NA	NA	0	NA	NA
FLVCR2	NA	NA	NA	302.816054776694	NA	NA	NA	1	1	NA	NA	NA	1902.07407015117	421.607958565473	1	456.606863498083	NA	NA	NA	NA	1	NA
FOSB	NA	0	NA	0	0	7386.13552684199	NA	NA	0	NA	NA	NA	NA	NA	0	NA	NA	NA	NA	NA	198710.182510809	NA
FOXP3	1	1	NA	NA	NA	1	1	NA	5548.20934062587	NA	1	1	NA	NA	1	NA	1	NA	1	1	1	NA
FPR1	NA	0	NA	NA	0	NA	1249.81833914547	0	NA	NA	NA	0	9775.82449047696	428.873284282888	NA	915.532479428363	0	NA	0	15705.4776082395	0	12722.5810817589
FPR2	1	1	NA	NA	1	NA	1	1	1	1	NA	1	NA	NA	1	NA	1	NA	1	5881.53247656569	1	3964.95102426829
FPR3	0	0	NA	1775.51138359436	0	3101.25203094825	NA	0	NA	NA	0	0	9483.59351197194	1542.605763919	4811.02981203614	3565.54786469916	NA	0	0	0	0	0
FRK	NA	0	NA	0	1840.53944851526	742.593385953675	0	NA	0	NA	0	NA	0	111.760012305741	NA	139.738202295515	0	1069.92361932973	385.845264901418	NA	NA	NA
FRMD4A	NA	NA	NA	NA	NA	NA	NA	0	0	10132.2830085649	NA	NA	NA	2015.28358812454	NA	1750.31369103312	0	NA	3895.98646730228	NA	NA	NA
FRMD8	NA	NA	NA	1	NA	19889.9137968027	NA	1	NA	NA	NA	NA	NA	14943.2693772011	NA	18383.0855032726	NA	NA	1	1	NA	NA
FZD2	NA	0	NA	NA	0	2208.73834621304	NA	NA	NA	0	NA	5729.91816053754	13289.9745487732	1658.26129621228	0	1569.61317168152	NA	NA	NA	NA	NA	NA
FZD3	NA	0	NA	0	NA	2141.39320403952	NA	NA	0	2730.05364688129	NA	NA	NA	703.427368429808	NA	877.940938561679	NA	3598.38345594353	1459.63150666815	5182.01057174725	NA	NA
GAL3ST4	NA	NA	NA	0	NA	NA	0	NA	NA	NA	29703.2026646622	22157.9546956967	34735.0700548969	5724.07668222249	6051.4942880424	10829.0531741449	NA	0	NA	0	NA	0
GALR1	0	NA	NA	NA	0	NA	0	0	0	0	0	NA	NA	NA	NA	0	0	NA	NA	0	0	0
GFI1	NA	NA	NA	383.642624874746	0	NA	531.472333220879	NA	0	NA	NA	NA	0	NA	NA	419.928605626083	NA	0	NA	0	NA	0
GGT5	1	1	NA	NA	NA	NA	NA	1	4520.69251746459	NA	1	NA	NA	1724.79081395763	NA	1302.92105349259	NA	NA	1	NA	1	NA
GIPR	NA	493.907437629903	NA	NA	131.145426054894	NA	NA	NA	0	NA	NA	NA	0	NA	0	NA	NA	NA	NA	NA	NA	NA
GNG7	NA	NA	NA	0	NA	NA	0	NA	NA	NA	NA	NA	23497.8096475717	5790.14212572765	13581.079502161	16361.5034354571	NA	0	NA	0	NA	0
GNLY	NA	0	NA	NA	0	0	5583.12397129386	0	NA	NA	8617.85091556921	17529.6291119784	0	NA	NA	0	0	NA	NA	0	0	0
GPC4	NA	NA	NA	0	NA	NA	0	0	NA	0	NA	NA	NA	4806.42261592631	NA	NA	NA	NA	NA	0	0	0
GPR1	0	NA	NA	NA	0	NA	NA	NA	0	NA	0	NA	0	170.404742630102	NA	NA	1064.82964587442	NA	757.352696458417	NA	0	1274.47582067645
GPR171	1	NA	NA	1027.7220017485	NA	NA	1	1	1	1	1	1	1	1	1	1	1	1	1	1	1	1
GPR18	1450.35390053787	1815.50938543517	NA	302.464330187395	NA	NA	NA	NA	NA	NA	NA	NA	1	1	NA	1	NA	1	1	1	NA	1
GPR183	3698.87976683042	8069.31727451218	NA	NA	NA	4751.11167291904	1783.85061412566	0	NA	NA	0	0	NA	880.73009278018	NA	NA	NA	0	0	NA	NA	0
GPR19	NA	0	NA	0	NA	NA	0	3738.57599533856	0	0	4967.3626962172	NA	NA	869.012477856816	0	2529.69939798057	NA	NA	2249.01269490115	NA	20070.3220019956	NA
GPR25	47.0304867506377	NA	NA	NA	0	NA	104.449479661125	NA	158.835015599895	0	NA	NA	0	NA	22.4671126255651	0	0	0	0	0	0	0
GPR65	NA	978.360754202989	NA	573.92361833416	NA	491.576890431279	NA	0	NA	1355.07696929443	0	0	2413.95988600484	NA	719.893621762623	NA	0	0	0	1730.4483994642	0	NA
GRAP2	886.717673421684	NA	NA	NA	0	932.602104242357	NA	NA	NA	NA	NA	0	NA	717.800826055042	NA	NA	2013.24430914767	0	0	NA	NA	0
GUSBP11	37.4603010314498	NA	NA	0	103.121132546115	73.3579070298415	NA	102.773305872718	0	0	NA	NA	NA	39.5381721463311	NA	86.6918280051674	NA	NA	197.522195357157	133.550731987147	NA	0
GYPE	NA	NA	NA	0	NA	NA	0	NA	0	NA	NA	0	NA	257.415957760175	NA	NA	0	NA	NA	2101.13998638082	4703.07448466647	0
GZMA	1	1	NA	11837.7027071167	1	NA	1	1	1	1	1	NA	1	1	1	1	1	1	1	NA	1	NA
GZMB	1	1	NA	3648.50083392599	1	1	26517.3661445061	1	1	1	1	NA	1	1	1	1	1	1	1	NA	1	NA
GZMH	1	1	NA	5785.75704309314	1	1	8647.86108642066	1	1	NA	NA	NA	1	1	1	1	1	1	1	NA	1	NA
GZMK	NA	NA	NA	5733.20458175039	NA	NA	1	1	NA	19097.3055690681	1	1	1	1	1	1	1	1	1	1	1	1
GZMM	3580.51019861531	NA	NA	NA	NA	NA	NA	NA	NA	NA	NA	NA	4740.27391389347	NA	0	NA	NA	0	NA	0	NA	0
HAL	0	NA	NA	0	NA	0	0	NA	0	0	0	0	0	NA	0	0	6623.16691208935	NA	1984.62963915363	0	0	4012.14463698462
HCK	NA	NA	NA	3389.73376831273	1	NA	NA	1	1	NA	1	NA	11313.8500666879	1353.89463612589	1	1871.80338241184	NA	NA	1	NA	1	NA
HDC	NA	0	NA	0	NA	47.8515883579677	NA	0	0	0	0	NA	0	19.2939341269637	NA	NA	219.000848844896	NA	217.445581081302	0	0	NA
HESX1	NA	NA	NA	0	2463.61144979163	728.119113325915	NA	NA	0	NA	NA	NA	NA	391.50252291175	774.000305168217	NA	NA	NA	NA	NA	NA	NA
HHEX	3387.87756053625	NA	NA	1	NA	NA	1	NA	1	NA	NA	NA	NA	1887.29899796805	5578.87090153565	NA	NA	NA	NA	NA	NA	1
HIC1	1	1	NA	NA	NA	NA	NA	1	1	1	1	NA	NA	484.558933248182	NA	651.625991323058	NA	1	NA	1	1	NA
HIST1H2AE	NA	0	NA	0	NA	NA	0	NA	NA	0	NA	3023.70506888773	NA	1128.86773283261	0	NA	NA	NA	NA	NA	NA	NA
HIST1H2BG	NA	0	NA	NA	NA	NA	NA	2778.67171066683	0	0	0	NA	NA	450.022746051828	NA	NA	NA	NA	NA	NA	0	NA
HK3	1	1	NA	1209.63616687719	1	NA	1	1	1	NA	1	1	4761.04475765037	850.350767083644	NA	492.870170536595	NA	1	1	NA	1	NA
HLA.DOB	4663.2446762522	6624.67396111064	NA	873.549143041653	NA	NA	NA	NA	NA	NA	1	NA	1	1	NA	1	NA	NA	1	NA	1	1
HLA.DQA1	NA	NA	NA	NA	NA	NA	NA	0	NA	NA	0	NA	NA	NA	23783.2891740211	NA	0	0	NA	NA	0	0
HMGB3P30	0	0.295848376922661	NA	0	0	0	0	0	0	0	9.80676612324864	15.9235143144551	0	0	0	0	0	0	NA	0	0	0
HNMT	NA	0	NA	NA	NA	7420.37461836007	0	NA	0	NA	NA	0	5539.52022945848	NA	3508.16481073566	3084.91845168256	0	0	5823.16180842248	NA	NA	0
HOXA1	NA	0	NA	0	NA	1472.05634291634	NA	NA	0	NA	NA	NA	5385.8855292926	809.171642178048	NA	NA	1540.18257559515	NA	NA	NA	NA	NA
HPGDS	0	NA	NA	0	NA	665.959176799951	0	0	0	0	0	0	2430.96565899037	122.106231229279	0	470.854158156869	NA	NA	NA	NA	NA	0
HPSE	NA	0	NA	NA	NA	2036.62954567123	NA	NA	0	NA	NA	NA	NA	488.405871762211	NA	NA	NA	NA	2636.23469815788	NA	NA	NA
HRH1	0	NA	NA	NA	NA	1871.86641835206	NA	0	0	NA	0	NA	NA	491.202947968769	NA	NA	0	NA	NA	NA	NA	NA
HSPA6	0	NA	NA	NA	0	NA	NA	NA	NA	0	NA	0	NA	4858.80499970785	NA	NA	NA	NA	7994.0566981426	0	NA	NA
HTR2B	0	0	NA	0	0	NA	NA	NA	0	NA	NA	NA	NA	NA	NA	NA	NA	NA	NA	0	0	0
ICA1	NA	NA	NA	0	NA	3071.05452253529	NA	NA	0	NA	NA	NA	0	1499.35173332769	0	NA	NA	NA	6243.04175964386	0	NA	0
ICOS	443.714542190882	1054.68572666022	NA	635.705406534628	0	216.412214964556	553.163530746845	NA	638.280416768246	NA	NA	0	0	0	421.414363096763	0	0	0	0	NA	NA	NA
IDO1	0	0	NA	4932.13952976138	0	0	NA	0	0	0	0	0	0	0	13607.1983695407	0	0	NA	0	NA	0	0
IFI44L	0	0	NA	0	0	NA	3826.30654632226	0	NA	NA	NA	0	NA	0	10662.1009813124	NA	0	NA	0	0	0	NA
IFNA10	0	0	NA	0	0	NA	0	0	0	0	0	0	0	NA	0	0	2.63893404120529	0	NA	0	0	7.41124042865074
IFNG	1	1	NA	1076.12837481354	1	1	1	1	1	1	1	1	1	1	1	1	1	1	1	1	1	1
IGHD	22293.0936719767	1	NA	1	NA	1	1	1	NA	1	1	1	1	1	1	1	1	1	1	1	1	1
IGHE	3082.56473538403	NA	NA	1	1	1	1	1	NA	1	1	NA	1	1	1	1	NA	1	NA	1	1	NA
IGHM	1	NA	NA	NA	1	1	NA	1	1	1	NA	NA	1	NA	NA	1	1	1	1	1	NA	1
IGKC	1	NA	NA	227774.357270224	1	1	1	NA	1	NA	1	1	1	NA	NA	1	1	NA	1	1	1	1
IGLL3P	1	1	NA	1	1	NA	1	1	1	NA	1	1	NA	1	1	1	1	1	NA	NA	NA	1
IGSF6	NA	NA	NA	2082.76252744784	1	NA	NA	1	NA	1	1	1	3846.38137536277	668.800373242315	1	1023.91099642313	1	1	1	NA	1	NA
IL12B	23.0110158460811	52.7307279745342	NA	NA	0	41.3117041010146	41.457468059154	NA	52.555608537899	NA	0	NA	0	NA	41.8514901589105	0	NA	0	0	0	0	0
IL12RB2	NA	NA	NA	1	NA	NA	NA	NA	NA	NA	NA	NA	NA	1271.88182923046	NA	2209.32908322442	NA	NA	1	NA	1	NA
IL17A	1	1	NA	1	1	NA	1	NA	1	1	NA	1	NA	NA	1	NA	NA	NA	1	NA	1	NA
IL18R1	317.783038924995	NA	NA	NA	NA	327.557768513853	1	1	1	2066.22299926899	NA	NA	1	NA	NA	NA	NA	NA	NA	NA	1	NA
IL18RAP	142.632226820187	NA	NA	78.0558627973654	NA	NA	415.828713177974	NA	NA	NA	NA	NA	0	0	158.472185512999	0	0	NA	0	NA	0	1763.7910794588
IL1A	0	0	NA	0	0	NA	NA	0	0	0	0	0	NA	NA	0	NA	0	5508.12109586457	0	NA	0	NA
IL1B	NA	NA	NA	NA	0	0	2257.38271843904	NA	NA	NA	NA	NA	NA	NA	NA	NA	0	NA	0	79480.9840346268	0	32633.8303534501
IL1RL1	0	0	NA	NA	0	NA	NA	NA	0	0	0	0	NA	NA	0	NA	NA	1162.87319904569	NA	NA	0	NA
IL21	33.9039715734461	NA	NA	NA	0	NA	44.5967598853314	NA	NA	51.4321596721512	0	0	0	0	NA	0	0	0	0	0	0	0
IL26	NA	NA	NA	NA	0	25.2779757512502	23.8071736098778	NA	NA	NA	0	0	NA	NA	0	NA	0	49.5588350046181	NA	NA	NA	NA
IL2RA	713.665795925059	1773.44157199509	NA	632.836961294156	NA	604.045753897588	960.106832518443	0	NA	NA	0	0	3371.73066599332	NA	714.872165473087	495.588412790129	NA	0	0	3070.08428831807	0	NA
IL2RB	NA	NA	NA	5511.34611967895	NA	1	NA	1	1	NA	1	NA	NA	NA	NA	1	NA	NA	NA	NA	NA	1
IL3	0	0	NA	0	0	0	NA	NA	NA	0	NA	0	0	0	NA	0	2.50247957004449	0	0	0	0.130793019711259	0
IL4	35.6447835040377	NA	NA	NA	NA	52.1739488888128	NA	NA	0	0	NA	NA	0	NA	NA	NA	0	0	66.7329989953948	NA	0	0
IL4R	6447.98247953582	NA	NA	NA	NA	5162.90457785992	NA	1	NA	NA	NA	NA	NA	2682.93353948284	NA	NA	1	1	NA	20593.0612259864	1	1
IL5	NA	0	NA	NA	NA	9.8326820717492	0	NA	0	18.9760202220105	NA	NA	16.2266822839256	NA	8.84021439491158	NA	0	4.151252121893	NA	18.6340948548656	NA	0
IL5RA	35.2561608601868	NA	NA	NA	0	59.2942891963726	0	NA	NA	NA	NA	0	0	NA	0	NA	0	198.15530144329	NA	0	NA	0
IL7	1	1	NA	NA	NA	945.720579534741	1	NA	NA	NA	1	1	NA	NA	581.765108458162	NA	NA	NA	1	NA	1	1
IL7R	4673.98074317045	8903.7439799188	NA	NA	NA	2866.6603648018	1	1	1	1	1	1	1	NA	NA	1	1	1	1	1	1	NA
IL9	NA	0	NA	0	0	NA	NA	0	0	0	0	NA	0	0	0	NA	NA	NA	NA	0	0	0
IRF8	6330.27647769759	8690.11244490932	NA	1447.12146059826	NA	1	NA	1	1	1	1	1	1	NA	1	NA	NA	1	1	1	1	1
ITK	1017.6388948448	1398.06781807083	NA	726.450288690818	NA	221.994638400865	335.29385937677	0	NA	NA	0	0	0	NA	NA	0	0	NA	0	0	NA	NA
KCNA3	513.499041457685	608.682089470173	NA	254.205816965358	NA	NA	NA	0	324.760524171447	780.309782093424	NA	NA	NA	NA	NA	NA	NA	0	NA	0	0	0
KCNG2	NA	0	NA	NA	NA	254.894285755524	0	NA	0	NA	0	NA	NA	NA	0	NA	0	NA	NA	NA	NA	0
KIAA0226L	1	NA	NA	1	1	NA	1	NA	NA	NA	NA	NA	1	2072.97307813751	NA	2033.74523691255	NA	1	NA	NA	1	NA
KIR2DL1	NA	1	NA	NA	1	1	1	1	1	1	1	394.83495519072	1	NA	1	NA	1	1	1	1	1	1
KIR2DL4	1	1	NA	639.514896253773	1	1	1	1	1	1	NA	1	NA	1	1	1	1	1	1	NA	NA	1
KIR2DS4	1	1	NA	NA	1	1	1	1	1	1	NA	859.264489628924	1	NA	1	NA	1	1	NA	NA	1	1
KIR3DL2	NA	NA	NA	35.5526491514319	0	0	NA	0	NA	110.423150294995	0	186.457148607983	0	NA	0	0	0	0	0	0	NA	0
KIRREL	NA	NA	NA	1	NA	15793.4414363762	1	1	1	1	NA	NA	51736.5705339766	11813.239819273	NA	23613.5854468069	NA	NA	24636.6074567981	1	NA	NA
KLRB1	954.461272439161	1567.96198662851	NA	261.879350008172	NA	973.103608340688	760.762486387365	NA	1896.29461922094	1316.35346596457	0	NA	NA	NA	NA	NA	NA	NA	0	NA	0	0
KLRC3	1	NA	NA	NA	1	NA	1	1	1	1	NA	NA	NA	NA	NA	NA	NA	1	NA	1	NA	1
KLRC4	NA	NA	NA	NA	0	NA	0	0	NA	0	NA	NA	NA	NA	0	NA	0	0	NA	0	0	0
KLRD1	1	1	NA	238.127423867529	1	NA	1	1	1	1	NA	1	1	NA	NA	1	1	1	1	NA	NA	1
KLRF1	NA	726.536675142123	NA	NA	0	193.840219636511	NA	NA	NA	NA	595.276108398235	NA	NA	NA	373.059717879245	NA	NA	NA	NA	0	0	0
KLRG1	NA	NA	NA	200.873161123924	0	757.560543125559	0	0	0	1104.09630154926	NA	0	618.126347613777	254.388217180971	NA	NA	NA	0	NA	NA	NA	NA
KLRK1	NA	NA	NA	183.053628048956	1	NA	1	1	1	NA	NA	NA	NA	NA	1	1	1	1	NA	1	1	1
KRT18P50	0	1.6413265603423	NA	0	0	0	0	0	0	3.3383985976752	0	1.3820686536712	0	0.387051222617598	0.19347072945936	0	0.857842905081023	0	0.154992626813904	0	0	0
KYNU	NA	NA	NA	0	0	NA	900.010072341538	NA	0	NA	NA	NA	0	NA	NA	NA	NA	12907.7314215632	0	NA	0	8903.90508434579
LAG3	1	1	NA	8650.08703988126	1	1	1	1	1	NA	NA	1	NA	1	1	1	1	1	1	NA	1	1
LAIR2	NA	NA	NA	NA	0	NA	NA	0	1036.94857751235	NA	NA	NA	0	NA	NA	NA	0	0	0	0	0	0
LAMP3	1062.49651429881	NA	NA	NA	NA	977.243468977279	831.046955710977	NA	2184.18970358909	0	NA	NA	0	389.603245562309	1256.14640079074	0	NA	13220.6651883743	1477.56894353017	NA	0	NA
LAT	111.048745017018	428.682335481528	NA	NA	NA	NA	115.219667318305	266.224356071765	0	NA	NA	NA	NA	35.0339690939717	NA	NA	NA	0	NA	NA	NA	NA
LCK	4315.35717163601	5500.80852675402	NA	3897.75704969137	NA	NA	NA	1	1	NA	1	1	1	1	1	1	1	1	1	1	1	1
LEF1	NA	NA	NA	1	NA	NA	NA	NA	1	NA	NA	NA	NA	18368.3661661206	NA	11473.8333449451	1	NA	29145.7632137163	NA	NA	1
LHCGR	NA	0	NA	0	0	0	0	0	0	0	0	0	NA	NA	0	0	NA	0	NA	29.4752507273357	0	0
LILRA2	1	NA	NA	202.878093617764	1	NA	1	1	NA	NA	NA	NA	1521.82627526291	76.4409397689023	NA	111.339609464511	1	NA	1	NA	1	NA
LILRA4	1594.2633083256	1627.44871931361	NA	NA	NA	0	317.672106208259	0	1408.53735059914	0	0	NA	0	0	NA	0	NA	0	NA	0	0	0
LILRB2	0	0	NA	1322.51813548843	0	NA	3035.49701689581	0	0	NA	0	0	5473.74104728897	446.79019392022	1813.63254443777	NA	0	0	0	2807.16964215066	0	NA
LIME1	NA	NA	NA	0	NA	0	0	1605.48919767186	0	NA	3001.784691937	NA	NA	NA	NA	892.098079190651	NA	0	NA	NA	NA	NA
LINC00921	165.36903366568	450.073410984279	NA	0	1271.95492120205	447.314549335388	0	NA	0	413.840550124754	NA	NA	NA	96.8446358901736	NA	379.17762204877	0	NA	NA	0	NA	0
LRMP	3136.67986962428	4175.98648436402	NA	NA	NA	NA	NA	NA	NA	1	1	1	NA	1	NA	1	1	1	1	NA	1	1
LST1	NA	NA	NA	2163.06519933506	1	NA	1	1	1	NA	NA	1	14373.0562838515	979.649980916788	NA	NA	NA	NA	1	1	NA	NA
LTA	1158.60370406451	1889.06184874098	NA	315.525300076107	NA	NA	NA	1	1313.44687666587	NA	1	NA	1	1	NA	1	1	NA	1	NA	1	1
LTB	24536.5988432605	37011.7386378025	NA	NA	NA	1	1	1	23459.1942088844	1	1	NA	1	1	1	1	1	NA	1	1	1	1
LTC4S	0.87346943655807	0	NA	NA	0	NA	0	NA	NA	1.17195960238244	NA	45.3470125084498	NA	3.93111837903113	0	NA	0	32.8215120202594	NA	NA	0	0
LY86	2941.00446654654	5938.41682570038	NA	1854.49355738183	NA	NA	NA	1	1	1	1	1	13473.7545446517	NA	NA	2267.14630204271	1	1	1	1	NA	1
LY9	669.308679543643	1000.98493934935	NA	229.502300613822	NA	1	1	1	646.055129255083	NA	1	1	1	1	1	1	1	1	1	1	NA	1
MAGEA11	NA	NA	NA	0	0	NA	NA	0	0	0	NA	NA	NA	NA	0	0	0	0	NA	NA	0	0
MAK	NA	0	NA	0	NA	356.258958062373	0	NA	0	NA	NA	NA	307.093359550556	40.765157715509	NA	80.7838430605547	NA	0	NA	NA	0	0
MAN1A1	2133.59115326413	NA	NA	NA	0	4787.70993085744	NA	0	NA	NA	0	0	NA	1207.61644271583	NA	NA	0	0	NA	NA	0	0
MANEA	NA	NA	NA	0	NA	3950.63573461295	0	0	0	3328.67721891079	2338.55284668261	NA	1874.1609936037	902.017270773813	3527.8621805089	1208.30507045543	0	0	NA	NA	0	0
MAP3K13	1	1	NA	1	NA	2615.06920120607	1	NA	1	NA	NA	NA	1	1317.87112738347	NA	NA	NA	NA	3378.07551793111	NA	1	NA
MAP4K1	3656.38106813525	7114.55029558223	NA	2130.23914826472	NA	NA	NA	NA	NA	0	NA	NA	1536.47448670405	826.163699592405	NA	NA	0	NA	NA	0	NA	0
MAP4K2	2667.87209976607	NA	NA	NA	NA	NA	NA	NA	1	1	1	NA	1	2106.32428169552	NA	2452.14830062677	1	NA	2299.79600117926	NA	NA	NA
MAP9	NA	NA	NA	1	NA	1731.14728287023	NA	1	1	NA	NA	1	1	977.207109992448	NA	NA	NA	NA	NA	NA	NA	NA
MARCH3	0	2391.5839166782	NA	0	NA	NA	0	0	0	0	NA	0	NA	472.383299847513	2155.35430100614	656.66752592792	NA	NA	3130.57145542569	NA	0	0
MARCO	0	NA	NA	3275.4106404052	0	NA	NA	0	0	NA	0	0	23754.7281385353	2026.13244311946	NA	NA	NA	0	0	NA	0	NA
MAST1	NA	1	NA	NA	NA	1	NA	1	1	1	NA	1	NA	650.111374493466	1	NA	NA	NA	NA	6107.66945735485	NA	NA
MBL2	NA	NA	NA	0	NA	NA	NA	NA	NA	0	NA	NA	NA	NA	NA	NA	NA	NA	NA	0	NA	NA
MEFV	NA	0	NA	72.0921503879268	0	NA	178.871280075181	NA	0	NA	NA	0	NA	42.2769643061337	NA	NA	0	958.929169787069	NA	638.919520087575	0	820.123303505039
MEP1A	NA	NA	NA	NA	1	1	NA	NA	1	1	1	1	NA	NA	1	NA	NA	1	NA	1	1	1
MGAM	NA	NA	NA	NA	0	NA	0	NA	NA	0	NA	NA	0	NA	0	NA	NA	0	NA	NA	0	NA
MICAL3	NA	NA	NA	1	NA	3614.07301033606	1	1	1	1	1	1	NA	1873.35185595079	NA	2040.28393525236	NA	NA	4891.44007075294	1	1	1
MMP12	NA	NA	NA	0	0	0	NA	0	0	NA	0	NA	0	3514.4593213713	0	0	NA	0	0	NA	0	0
MMP25	NA	NA	NA	NA	NA	NA	NA	0	NA	0	0	NA	0	NA	NA	NA	NA	NA	NA	5367.32828842297	0	NA
MMP9	NA	NA	NA	1	1	1	1	1	1	NA	1	NA	1	71155.076664487	NA	1	1	NA	1	NA	1	1
MNDA	NA	NA	NA	713.585899225219	0	1961.15285261105	1594.30018017987	0	NA	3271.9085233584	0	0	6926.06924579693	449.557702096276	4061.72091872073	NA	NA	NA	0	2696.84058391227	0	NA
MROH7	0	NA	NA	0	NA	NA	0	NA	0	NA	NA	NA	NA	NA	NA	0	NA	NA	NA	0	NA	0
MS4A1	14949.5575674415	22687.478808626	NA	1	NA	1	1	1	NA	1	1	1	1	1	1	1	1	1	1	1	1	1
MS4A2	NA	0	NA	0	NA	55.6280359250313	0	0	0	0	NA	NA	0	27.9082274439021	0	NA	191.331807183056	NA	157.082248933731	NA	0	0
MS4A3	NA	0	NA	0	0	NA	0	NA	0	0	NA	NA	0	NA	NA	0	0	0	NA	0	0	0
MS4A6A	NA	NA	NA	3075.87677906726	NA	2494.05753392794	NA	0	NA	7855.99626573178	0	0	12873.0882242553	NA	4095.10880937241	2780.3866265251	0	0	0	NA	0	0
MSC	NA	NA	NA	NA	NA	NA	0	NA	NA	NA	0	NA	NA	NA	0	NA	0	NA	29362.5423008648	NA	NA	NA
MXD1	NA	0	NA	0	3888.67874516199	2565.95420833511	NA	NA	0	NA	0	0	NA	901.801692773929	NA	1180.25250456706	NA	23055.2519961197	1344.60372434274	10496.6353339167	NA	NA
MYB	NA	NA	NA	NA	958.650238535559	556.713398377071	NA	NA	0	0	0	NA	NA	173.199187882762	NA	0	650.901781538148	NA	NA	NA	0	0
MZB1	1	NA	NA	3441.89334939278	1	1	1	1	1	1	1	1	1	NA	NA	1	1	NA	1	1	1	1
NAALADL1	0	NA	NA	NA	NA	NA	NA	NA	NA	NA	NA	NA	950.782222890991	847.810760536342	867.527447940598	NA	NA	0	NA	0	NA	NA
NCF2	1	1	NA	2413.32186058924	1	NA	NA	1	NA	NA	1	NA	9704.54559906995	1778.40024490871	NA	NA	1	NA	1	1	1	NA
NCR3	1313.00529379694	2480.99753793696	NA	NA	NA	1	NA	1	1385.56441365936	1	1	NA	NA	NA	1	1	1	1	1	1	NA	1
NFE2	1	1	NA	1	NA	NA	NA	NA	1	1	NA	NA	1	557.170523989103	1	1	1	1	NA	NA	NA	1
NIPSNAP3B	NA	NA	NA	0	NA	838.714884681128	0	NA	0	NA	NA	NA	978.924190449123	202.445811773675	NA	NA	NA	NA	746.403767749548	1130.9454204289	NA	0
NKG7	1	1	NA	32345.7999616057	1	1	NA	1	1	NA	NA	NA	1	1	1	1	1	1	1	NA	1	NA
NLRP3	NA	NA	NA	NA	0	691.186239188627	762.961819287269	0	NA	0	NA	0	1263.56285317176	256.552600836038	NA	319.207280991026	NA	0	0	NA	NA	NA
NMBR	NA	NA	NA	0	0	37.0592323090538	0	NA	0	2.48219261917149	NA	NA	25.5369143745022	5.79140444119944	0	NA	0	0	NA	0	NA	0
NME8	NA	175.877109977333	NA	NA	0	NA	NA	NA	NA	NA	NA	NA	NA	NA	327.335402900272	NA	0	NA	NA	NA	0	0
NOD2	0	NA	NA	NA	0	1275.13682713133	NA	NA	NA	NA	0	NA	NA	282.349379770636	853.449798570133	0	1673.68044582606	NA	NA	0	0	NA
NOX3	21.4773735529859	0	NA	NA	0	NA	0	NA	0	NA	NA	NA	NA	NA	0	NA	0	0	NA	0	NA	0
NPAS1	NA	NA	NA	1	1	NA	1	1	NA	NA	NA	NA	1	1529.24549069565	NA	NA	NA	NA	NA	NA	NA	NA
NPIPB15	NA	NA	NA	0	2886.2694129144	NA	NA	NA	NA	NA	NA	NA	0	NA	826.131893034061	713.925320477161	NA	NA	NA	3281.72808007536	NA	NA
NPL	NA	NA	NA	NA	1	NA	1	1	1	NA	NA	NA	NA	3310.78400802212	NA	5603.88929341482	NA	NA	NA	NA	NA	1
NR4A3	NA	NA	NA	0	NA	NA	NA	NA	NA	NA	NA	0	0	2152.87933897	0	NA	11338.3749184434	NA	0	0	97039.546200958	8995.23629689684
NTN3	NA	0	NA	0	0	NA	0	NA	0	0	0	NA	NA	121.430052333178	0	204.8253948086	0	NA	NA	0	NA	0
NTRK1	NA	0	NA	NA	NA	NA	NA	NA	0	NA	NA	NA	0	NA	NA	NA	0	0	0	NA	NA	NA
ORC1	NA	NA	NA	1	NA	3182.95268775586	NA	NA	1	1	NA	NA	NA	2359.22621716742	NA	1767.21185112191	NA	1	NA	NA	1	NA
OSM	NA	NA	NA	NA	0	550.35981592821	566.186895803979	0	0	0	0	0	4108.9966902012	427.658437090765	NA	581.568101570192	0	NA	0	4726.2537056967	NA	4843.43965968171
P2RX1	309.137151464298	247.511959769565	NA	110.811107412833	NA	119.571215923504	252.314597347693	0	248.693992481576	136.27146070326	0	0	201.872213040424	69.0100815791894	NA	NA	NA	NA	NA	NA	0	NA
P2RX5	1964.2251179615	1848.28817231977	NA	NA	NA	1	NA	NA	NA	NA	NA	NA	1	NA	1	NA	1	NA	1	NA	NA	1
P2RY10	1567.18166177381	2912.66552764396	NA	698.779609592784	NA	NA	NA	0	902.96952542505	833.151921689898	0	0	0	0	NA	0	0	0	0	0	0	0
P2RY13	599.868234711591	1933.02656248743	NA	520.406807784621	NA	422.780808288054	NA	0	980.858434272054	1697.79073087312	0	0	1312.85931765898	0	870.231073525664	NA	NA	NA	0	1154.68346571821	0	NA
P2RY14	542.223830948486	492.705296461298	NA	NA	NA	303.323779346425	216.457136366954	NA	NA	NA	NA	0	NA	71.1135226102106	335.085753511933	NA	NA	NA	NA	0	0	0
P2RY2	0	0	NA	NA	0	NA	NA	NA	0	0	0	NA	NA	288.651369569174	NA	0	2071.14750508885	NA	630.500775635462	NA	0	NA
PADI4	41.5556982486743	NA	NA	NA	NA	0	NA	0	NA	200.622087996135	0	NA	0	NA	0	0	NA	NA	NA	234.542309825885	NA	259.429210938674
PAQR5	0	0	NA	NA	NA	1471.8144752414	NA	NA	0	NA	NA	759.08949536839	NA	434.327848657515	NA	NA	NA	NA	NA	NA	NA	NA
PASK	1351.97672606381	NA	NA	1	NA	1229.34732522497	NA	1	1	1	1	NA	NA	668.237091567293	NA	659.474705558711	NA	NA	1494.41064376122	NA	NA	NA
PAX7	1	NA	NA	1	NA	1	1	NA	NA	NA	NA	NA	NA	NA	1	1	NA	1	NA	1	1	1
PBXIP1	1	NA	NA	NA	NA	NA	1	NA	NA	NA	69305.3193467241	NA	1	13629.9367575742	NA	27061.7705878915	NA	NA	37498.884838262	NA	NA	1
PCDHA5	NA	1	NA	NA	NA	1	1	NA	1	1	1	NA	NA	NA	NA	NA	1	NA	NA	NA	NA	NA
PDCD1	1	1	NA	4562.43023595601	1	1	1	1	NA	1	1	1	1	1	1	1	1	1	1	NA	NA	1
PDCD1LG2	0	NA	NA	1269.87654719863	0	NA	NA	0	0	NA	NA	0	NA	NA	1500.37371856306	NA	0	0	0	NA	0	NA
PDE6C	NA	NA	NA	0	0	84.0780434162019	0	NA	0	145.312609832622	NA	NA	NA	NA	NA	NA	NA	NA	75.2716117565992	195.028427440369	0	0
PDK1	NA	NA	NA	1	NA	1770.71369032359	1	NA	1	1	1	1	NA	1097.49493500394	1	NA	NA	NA	NA	NA	NA	NA
PGLYRP1	NA	NA	NA	0	0	NA	NA	NA	0	215.618021203741	NA	0	NA	NA	NA	80.4975664251804	0	260.88309376969	NA	452.303317048524	998.952986487359	368.851918049867
PIK3IP1	4640.18333620843	NA	NA	1012.97146823244	12196.1761237051	NA	NA	NA	6217.00070838175	0	NA	NA	NA	NA	NA	NA	NA	26842.0529108949	6435.61394968816	NA	NA	0
PKD2L2	NA	48.4116719563386	NA	NA	NA	NA	0	NA	0	NA	NA	45.6540647902072	161.587999735243	17.6117941992859	NA	NA	NA	0	0	0	NA	NA
PLA1A	NA	NA	NA	NA	NA	NA	NA	NA	NA	1	NA	NA	NA	26517.1394597187	NA	NA	NA	NA	NA	NA	NA	NA
PLA2G7	NA	NA	NA	NA	0	NA	2102.33336664118	0	NA	NA	0	NA	NA	1562.47015669712	0	NA	4235.95280299092	0	0	NA	0	NA
PLCH2	NA	NA	NA	NA	NA	NA	NA	NA	NA	NA	NA	NA	0	NA	NA	0	826.175366260036	NA	359.268143666594	NA	0	NA
PLEKHF1	1	NA	NA	NA	NA	NA	1	NA	NA	1	NA	11570.9789420475	NA	2238.87589013104	1	NA	NA	NA	3966.14475939226	NA	NA	NA
PLEKHG3	NA	0	NA	NA	NA	2575.01318271339	0	8784.67115545263	NA	0	NA	NA	NA	1750.96089485168	0	3001.83497979906	NA	18874.6555458616	7517.41959790623	NA	16351.2734617239	0
PMCH	NA	310.377245657873	NA	NA	NA	NA	NA	NA	NA	NA	0	NA	NA	NA	131.319493191563	0	0	0	0	248.083893178297	NA	0
PNOC	1030.72382151749	1	NA	NA	NA	1	1	1	NA	1	1	1	1	NA	1	1	1	NA	1	1	1	1
PPBP	1	1	NA	1	NA	1	1	1	1	1	NA	1	1	NA	1	NA	NA	NA	1	20523.3113053509	NA	1
PPFIBP1	1	NA	NA	1	NA	15991.9342219737	NA	1	1	NA	1	1	NA	9768.08724458508	NA	15039.6314785969	NA	NA	NA	NA	NA	NA
PRF1	1	1	NA	11575.3872520019	1	NA	1	1	1	NA	NA	1	NA	1	1	1	1	1	1	NA	1	1
PRG2	0	NA	NA	0	146.776240923406	NA	NA	NA	0	0	225.099578118579	NA	0	22.913091979452	NA	51.5851551444604	345.33776668072	186.251183918822	NA	0	NA	0
PRR5L	NA	0	NA	360.582811403475	0	1182.51246091664	NA	NA	0	NA	NA	NA	NA	326.913107378766	NA	NA	0	0	0	NA	NA	NA
PSG2	0	NA	NA	NA	0	NA	NA	0	NA	56.9440817002419	0	0	0	NA	NA	NA	0	2.33711323888591	0	5.02188239044958	NA	19.6606309397911
PTGDR	44.3549693565241	77.3939056841164	NA	34.0720571089735	NA	106.843554521192	NA	0	109.872491172729	189.789464375532	0	NA	0	18.2358239686662	78.5194923919883	NA	0	0	0	292.287921252766	0	NA
PTGER2	236.495459214882	NA	NA	189.409680808346	NA	927.700790855021	266.980550236597	0	NA	NA	0	NA	NA	108.93259840244	NA	NA	NA	NA	NA	NA	0	0
PTGIR	219.580451073867	0	NA	NA	0	617.321567451661	NA	0	NA	NA	0	1179.36658401337	NA	278.987670171731	NA	NA	NA	NA	NA	0	0	0
PTPRCAP	0	0	NA	0	0	0	0	0	0	0	0	0	0	0	0	0	0	0	0	0	0	0
PTPRG	NA	NA	NA	0	15411.7341433294	7647.67419562749	0	0	0	NA	17472.7255548735	NA	6934.0078175422	1565.27859922523	NA	4156.20132662424	NA	0	8611.32572306595	NA	NA	0
PVRIG	83.4655516591631	NA	NA	NA	NA	78.04712558046	0	NA	NA	0	NA	NA	NA	22.7160262247278	42.851887775125	NA	NA	0	NA	NA	0	0
QPCT	59445.6654168702	0	NA	NA	NA	NA	NA	155719.046831752	0	NA	NA	NA	0	44168.9076993032	NA	65610.4507055503	NA	NA	NA	0	NA	NA
RAB27B	NA	0	NA	0	NA	371.105449013898	NA	NA	0	NA	0	0	0	311.921825413376	NA	0	NA	NA	NA	NA	0	NA
RALGPS2	NA	0	NA	NA	NA	6260.83400061647	NA	5027.51301793081	0	NA	9597.46329039858	0	NA	952.817062499941	NA	2484.92538706002	0	NA	4548.6880163249	NA	NA	NA
RASA3	NA	NA	NA	1	NA	10783.5605282608	NA	NA	1	NA	1	1	NA	8630.62676814236	1	15964.9144629722	NA	1	18835.8764496488	NA	NA	1
RASGRP2	4169.33231798772	5344.08957037147	NA	NA	NA	NA	NA	1	NA	1	1	1	NA	1	1	1	1	1	1	NA	1	NA
RASGRP3	NA	0	NA	NA	0	NA	0	NA	NA	10841.2918515228	0	NA	NA	NA	0	NA	0	0	NA	NA	NA	0
RASSF4	0	NA	NA	1219.17314515449	NA	1964.86329473252	0	0	NA	0	NA	NA	5542.68261117371	788.811952247454	4842.55755161253	1667.77375787866	0	0	0	NA	0	0
RCAN3	NA	NA	NA	0	NA	7383.7827982279	0	6733.12062122101	NA	NA	NA	NA	NA	2322.62046397981	NA	4241.90733206446	NA	NA	5602.63218390391	NA	NA	0
REN	NA	NA	NA	0	0	NA	0	0	NA	NA	0	NA	NA	NA	0	NA	NA	0	NA	0	0	0
RENBP	NA	NA	NA	NA	NA	NA	NA	NA	NA	0	57385.0437628799	69583.7827280723	NA	19281.5296023601	0	40846.2882740621	NA	NA	45600.7256610187	0	88893.5779849287	NA
REPS2	280.981882751683	0	NA	NA	NA	NA	NA	NA	NA	NA	NA	NA	NA	234.294857918998	NA	373.251061095585	994.261095217297	NA	NA	NA	NA	NA
RGS1	NA	NA	NA	0	0	NA	NA	NA	NA	NA	NA	NA	NA	NA	NA	NA	NA	NA	0	NA	346297.980149028	NA
RGS13	233.221938644337	264.691901124909	NA	NA	0	NA	0	NA	0	NA	NA	NA	442.547462405872	0	NA	NA	NA	0	NA	NA	NA	0
RNASE2	1	NA	NA	NA	1	NA	1	1	NA	NA	1	NA	6323.47094826276	304.815983345048	NA	NA	1	NA	1	1	1	NA
RNASE6	4917.68386007728	NA	NA	4034.46572438799	0	2735.18598774996	0	0	NA	NA	NA	NA	24412.2233082822	1655.65550266885	7202.97574257529	5274.42180469483	NA	0	NA	NA	0	NA
RPL10L	NA	0	NA	NA	0	NA	0	0	NA	0	NA	0	NA	NA	0	NA	0	0	0	NA	0	NA
RPL3P7	NA	0	NA	0	461.574013775498	443.334140186658	0	NA	NA	NA	NA	NA	NA	199.866522397848	NA	355.201471635839	NA	NA	648.308935450658	NA	NA	NA
RRP12	NA	1	NA	NA	NA	5762.76713867074	NA	NA	1	NA	NA	1	1	5908.53529328354	1	3479.01041401573	NA	NA	8008.38650433535	NA	NA	1
RRP9	NA	1	NA	NA	NA	NA	1	NA	1	NA	1	1	NA	16526.7002940887	1	16027.5736435409	NA	NA	22651.8623083907	NA	1	NA
RSAD2	1	NA	NA	1	1	NA	NA	1	1	NA	NA	1	NA	NA	7089.22752075285	NA	1	NA	NA	1	1	NA
RYR1	1	1	NA	NA	NA	NA	1	NA	NA	NA	1	NA	NA	NA	1	920.282387745399	1	NA	NA	1	1	1
S100A12	0	NA	NA	0	NA	NA	NA	NA	0	0	NA	NA	NA	1669.32785482281	0	0	NA	NA	NA	NA	0	15724.6933784569
S1PR5	0	0	NA	0	0	NA	0	0	0	0	0	NA	NA	420.386921998682	NA	NA	2136.45343168962	13814.3039378218	1987.02120403098	0	0	NA
SAMSN1	411.724200389645	1871.1017510166	NA	1350.6612231393	0	1562.64856523644	1465.54260041429	0	0	2791.54217503821	0	0	2574.58713178871	NA	1213.3996587164	NA	0	0	0	NA	NA	0
SCN9A	0	0	NA	0	NA	1711.42442809395	0	0	0	NA	NA	NA	2588.35860055895	283.062274353966	NA	0	NA	0	NA	NA	NA	NA
SEC31B	NA	1371.22780953505	NA	0	NA	NA	0	NA	0	NA	2782.19105629353	NA	NA	0	NA	1071.26928066431	NA	NA	1017.71590291769	NA	NA	0
SELL	22172.2463521623	31499.6345477754	NA	NA	NA	1	1	1	20258.699935657	NA	1	1	1	1	NA	1	1	NA	1	NA	1	NA
SEPT5	NA	1	NA	1	NA	NA	1	NA	NA	1	NA	NA	NA	3915.8910393303	1	4298.45066212082	NA	NA	1	NA	1	NA
SEPT8	NA	1	NA	NA	NA	8224.06760643813	1	NA	1	NA	NA	NA	1	3607.66805401969	NA	7656.57582097288	NA	NA	8101.02678417332	NA	NA	NA
SERGEF	NA	NA	NA	1	1	1873.88521646565	NA	1	1	1	NA	1	1	2579.84561090501	NA	1567.9093256942	1	NA	3526.49370767889	NA	NA	NA
SH2D1A	979.244361704939	1	NA	1577.42404576529	NA	NA	1	1	NA	1	1	1	1	1	NA	1	1	1	1	1	1	1
SIGLEC1	1	1	NA	2032.86091178862	1	NA	NA	1	NA	NA	1	NA	1	NA	1	1906.92963696853	1	1	1	1	NA	1
SIK1	NA	0	NA	NA	NA	NA	0	NA	NA	NA	NA	NA	NA	102.899740247102	NA	NA	618.922432983883	0	NA	2100.58401882845	3200.96698640557	NA
SIRPG	1	1	NA	2928.53979170195	NA	1	NA	1	NA	NA	1	1	1	1	1	1	1	1	1	1	1	1
SIT1	3677.76156386506	5734.73852685407	NA	3174.48599578836	NA	1	NA	1	1	1	1	1	1	1	1	1	1	1	1	1	1	1
SKA1	NA	NA	NA	1	NA	2464.71702111213	1	NA	1	1	NA	NA	NA	2124.66781309092	1	1586.07414138304	NA	1	NA	NA	NA	NA
SKAP1	NA	NA	NA	NA	NA	NA	0	NA	NA	NA	NA	NA	NA	1367.76409043664	3463.53949340673	NA	NA	NA	NA	NA	NA	NA
SLAMF1	1145.40198845452	0	NA	NA	0	0	NA	NA	NA	NA	0	NA	NA	NA	6389.77331998164	0	NA	0	0	0	0	0
SLAMF8	1	1	NA	6181.10496760292	1	NA	NA	1	NA	NA	NA	NA	1	2119.57736549388	1	NA	NA	1	1	NA	1	1
SLC12A1	23.923576553785	0	NA	0	7.90706141527202	0	0	NA	0	0	NA	0	0	NA	0	24.8491403277617	0	0	NA	0	NA	0
SLC12A8	NA	1	NA	NA	NA	NA	NA	1	NA	1	1	1	NA	759.527510285098	NA	NA	NA	NA	1	NA	NA	NA
SLC15A3	NA	0	NA	5114.15733509861	0	NA	NA	NA	NA	0	0	NA	9183.73752725811	1759.6368943657	4690.39549683713	NA	0	0	NA	0	0	NA
SLC2A6	0	NA	NA	NA	NA	0	1364.12752948989	NA	5123.93440349489	0	NA	10835.0998564593	NA	2075.6055273645	0	1077.74883740646	NA	NA	NA	NA	NA	22750.4635641731
SLC7A10	NA	0	NA	NA	NA	NA	0	NA	NA	NA	NA	NA	0	NA	0	NA	0	NA	NA	0	NA	0
SLCO5A1	NA	0	NA	0	0	0	NA	NA	0	NA	NA	NA	0	502.100451958088	0	0	NA	0	0	NA	NA	0
SMPD3	0	NA	NA	0	NA	NA	0	NA	NA	0	0	0	0	NA	0	NA	3362.37870129576	0	1283.79461803365	0	0	NA
SMPDL3B	NA	0	NA	NA	0	NA	NA	NA	NA	0	NA	NA	NA	601.401856188347	NA	NA	NA	7871.6961884668	NA	NA	NA	0
SOCS1	1503.29397308309	NA	NA	1104.47806108304	NA	NA	4657.10490768697	0	2089.74687870901	0	NA	8182.70338690781	NA	448.623486493489	NA	NA	0	NA	NA	NA	0	NA
SP140	1713.87704430242	2680.70291298907	NA	594.80928142148	1	NA	1	1	1	NA	NA	1	NA	1	NA	1	1	1	1	NA	1	NA
SPAG4	NA	NA	NA	NA	NA	NA	NA	NA	NA	1	7009.95182867433	NA	4572.61250734096	1993.68337259395	NA	1	NA	1	NA	NA	NA	NA
SPIB	3131.19522994057	4021.79450436809	NA	NA	NA	1	NA	1	1	1	NA	1	1	1	1	1	1	NA	1	1	1	1
SPOCK2	5870.51960227588	8262.23604800781	NA	3309.14448327528	NA	2074.01434560181	NA	0	10838.7405903592	NA	0	NA	1813.97815226337	0	NA	0	0	0	0	0	0	0
SSX1	0	NA	NA	NA	NA	NA	NA	NA	0	NA	0	NA	NA	NA	NA	NA	NA	0	NA	NA	NA	0
ST3GAL6	NA	0	NA	0	NA	9851.29303541005	0	18513.7973833995	0	38719.2993657554	43892.696906099	NA	NA	4718.31093165753	22451.3106639394	NA	NA	NA	19256.8499394657	NA	NA	0
ST6GALNAC4	1	1	NA	NA	NA	NA	NA	1	NA	NA	NA	1	NA	4343.89248652685	NA	NA	NA	NA	NA	NA	NA	NA
ST8SIA1	0	1467.49567847047	NA	0	0	NA	0	1534.87355934132	0	0	3064.24684094276	NA	NA	568.067339403911	NA	1569.77128586731	3252.7852552306	0	1276.28586998628	0	NA	NA
STAP1	3475.21887841835	4474.76699988265	NA	NA	NA	1	NA	1	NA	1	1	1	1	1	1	1	1	1	1	1	1	1
STEAP4	NA	1	NA	1	NA	NA	1	1	1	NA	1	1	NA	NA	NA	NA	NA	NA	NA	NA	1	NA
STXBP6	NA	NA	NA	0	NA	NA	0	NA	0	0	NA	NA	NA	795.566885999558	NA	3745.9670412875	NA	0	5926.19619623536	0	20217.3803726964	0
TARDBPP1	0	3.39969150585132	NA	0	0	1.69019793965364	0	0	0	0	0	4.08664562828652	0	1.39711526767935	1.2759108797209	0	0	0	0.146154926577586	1.7851780782135	0	0
TBX21	1	NA	NA	877.698749238611	NA	NA	1	1	NA	1	NA	1	1	1	NA	1	1	1	1	NA	1	NA
TCF7	3692.21116676613	2118.1721572587	NA	NA	NA	NA	NA	NA	NA	0	NA	NA	NA	1340.65628784068	NA	NA	NA	NA	NA	NA	NA	NA
TCL1A	11842.2462887108	7468.0895647807	NA	1	NA	1	1	1	NA	1	1	1	1	1	1	1	1	1	1	1	1	1
TEC	277.288136550935	NA	NA	NA	1127.18218618427	585.649119139736	328.334637678937	NA	0	NA	849.575979190118	NA	859.614737440307	292.723291446749	NA	282.941843082361	NA	NA	NA	NA	NA	1325.64956407362
TEP1	1	1	NA	NA	1	3148.12448107572	NA	NA	1	1	1	NA	NA	1449.26815386445	1	2706.21249424858	1	NA	3104.44901912391	NA	NA	1
TGM5	0	0	NA	NA	0	NA	0	NA	0	0	0	NA	0	NA	NA	0	1803.4366766143	NA	NA	0	NA	NA
TLR2	NA	NA	NA	NA	NA	2231.28434145253	NA	1	1	NA	NA	NA	10195.7198543625	1719.11661695844	4303.29745942412	NA	NA	NA	NA	NA	1	NA
TLR7	NA	967.88232548271	NA	285.751472765245	0	503.65573685344	NA	0	837.364174741228	780.151259890473	0	0	1938.10858475136	NA	756.721066080837	313.769989743486	0	NA	0	0	0	0
TLR8	NA	0	NA	631.846829539016	0	219.485754596697	NA	0	NA	1299.14208257561	0	0	1331.02540538435	NA	472.515866810104	NA	0	0	0	NA	0	0
TMEM156	916.861744135682	1294.90067930754	NA	NA	NA	NA	974.771152060873	0	NA	0	0	0	0	0	NA	0	0	0	0	NA	0	NA
TMEM255A	NA	NA	NA	NA	0	NA	4429.65158929267	NA	NA	0	NA	NA	NA	NA	NA	NA	NA	NA	NA	0	NA	NA
TNFAIP6	NA	NA	NA	0	0	4140.72520742439	NA	0	0	NA	0	NA	0	2304.07827382765	NA	NA	0	NA	0	31352.5050153467	0	NA
TNFRSF10C	NA	NA	NA	NA	1	NA	1	NA	NA	NA	NA	NA	1	1184.77312044121	NA	NA	1	NA	NA	NA	NA	1
TNFRSF11A	NA	NA	NA	0	NA	298.178486272822	NA	NA	NA	NA	0	NA	NA	230.782576822735	NA	364.12393841038	0	NA	440.712678957182	0	0	NA
TNFRSF13B	812.372809014706	1714.87400377581	NA	1	NA	1	1	1	634.230379480117	1	1	1	1	1	1	1	1	1	1	1	1	1
TNFRSF17	1132.90236867048	2458.13707268615	NA	428.827269288345	1	1	1	NA	1	NA	1	1	1	1	NA	1	1	NA	1	1	1	1
TNFRSF4	1	NA	NA	NA	1	NA	NA	1	NA	1	1	1	NA	2481.77354298939	NA	NA	NA	1	NA	NA	NA	NA
TNFSF14	123.013428611273	362.146773830277	NA	135.371996933313	0	122.937215387656	NA	NA	331.122624056561	NA	0	NA	NA	NA	140.055204993335	0	NA	NA	0	NA	0	290.77461607529
TNIP3	0	0	NA	114.276130645534	0	NA	414.818492989077	0	0	NA	NA	0	NA	NA	167.311187859083	0	0	0	0	NA	0	NA
TPSAB1	0	0	NA	NA	0	NA	NA	0	0	NA	0	NA	0	751.154031403865	0	NA	5424.89609216003	NA	4531.01724225586	0	NA	NA
TRAC	11418.857191522	1	NA	20169.6642238637	NA	NA	NA	1	1	NA	1	1	NA	1	1	1	1	1	1	1	1	1
TRAF4	NA	1	NA	1	NA	1	1	1	1	1	NA	NA	NA	11613.9914782729	NA	15897.7896254305	NA	1	24611.835442007	NA	NA	1
TRAT1	677.207556600087	1840.62075064105	NA	544.03866468285	NA	NA	NA	0	NA	676.55690703456	0	0	0	0	NA	0	0	0	0	0	0	0
TRAV12.2	NA	NA	NA	1383.82256683016	NA	1	1	1	1	NA	1	NA	NA	1	NA	1	1	1	1	1	1	1
TRAV13.1	1	NA	NA	1096.72986819929	NA	NA	1	1	2068.27484858958	NA	1	1	1	1	1	1	1	1	1	1	1	NA
TRAV13.2	427.897845255721	NA	NA	501.100529322844	NA	NA	0	0	573.871590459161	0	0	0	0	0	NA	0	0	0	0	0	0	0
TRAV21	1	1	NA	1414.48602028291	NA	NA	NA	1	NA	1	1	1	NA	1	1	1	1	1	1	1	NA	1
TRAV8.6	503.063651946862	972.186584849221	NA	642.975231097077	NA	NA	1	1	1	NA	1	1	1	1	1	1	1	1	1	1	1	1
TRAV9.2	821.828768172478	1282.01070018811	NA	370.145133558669	NA	NA	NA	0	1319.41537197847	0	0	0	0	0	0	0	0	0	0	0	0	0
TRBC1	454.524373464291	986.532373995485	NA	450.964103216376	NA	NA	NA	1	773.922788297118	NA	1	1	1	1	1	1	1	1	1	1	1	1
TRDC	522.779627554894	0	NA	0	NA	NA	698.604179181633	NA	2407.6179011953	10080.75322855	NA	4084.34475398135	NA	NA	NA	NA	NA	0	NA	0	0	NA
TREM1	0	0	NA	NA	0	NA	0	0	NA	NA	NA	0	NA	2402.57595365299	0	0	NA	NA	0	NA	0	NA
TREM2	1	NA	NA	1	1	NA	1	1	NA	NA	1	1	54143.7621339494	4305.3558794889	NA	5596.06236446269	NA	1	1	1	NA	1
TREML2	989.773405316633	753.562954004063	NA	1	NA	1	1	1	1	1	1	1	1	1	1	1	1	NA	1	1	1	1
TRIB2	NA	1	NA	1	1	47288.0460714671	1	1	1	NA	1	NA	1	34421.8211247333	NA	51619.2887999624	NA	NA	97325.4185140815	NA	1	1
TRPM4	NA	NA	NA	NA	NA	NA	1	NA	NA	1	NA	NA	NA	2652.42023547756	NA	2104.16147100172	1	1	3778.22491993837	NA	NA	NA
TRPM6	0	0	NA	NA	0	NA	NA	NA	0	NA	NA	0	NA	107.292581867577	NA	NA	NA	NA	NA	0	NA	1462.35622739213
TSHR	NA	0	NA	NA	0	NA	NA	NA	NA	0	0	NA	0	NA	NA	NA	NA	NA	NA	0	NA	0
TTC38	NA	NA	NA	NA	NA	4278.15445955337	NA	NA	1	NA	NA	1	1	6006.37186497423	NA	5840.27439981597	NA	NA	6329.3776920684	NA	NA	NA
TXK	655.410844196696	597.141716783909	NA	NA	NA	551.515290055422	0	NA	0	NA	NA	NA	1581.53214825561	NA	347.5998752288	NA	NA	0	NA	0	NA	0
TYR	NA	NA	NA	1	NA	NA	NA	1	1	NA	1	NA	NA	64342.4075950578	NA	282680.681272511	1	NA	228736.672394523	NA	NA	NA
UBASH3A	558.839188496679	1191.86490753624	NA	902.171841587904	NA	NA	NA	1	1	NA	1	1	1	1	NA	1	1	1	1	1	1	1
UGT1A8	1.77076992611286	1.48025737078224	NA	NA	0	3.95779481072432	0.327411796597669	NA	0	0	0.610852149976312	2.53864307952471	0.115185390185686	0	0	0	0	0	NA	0	NA	5.88106225134801
UGT2B17	228.174484225438	175.35324963237	NA	NA	1	1	NA	1	NA	1	1	1	1	1	1	1	1	1	1	1	1	1
UPK3A	122.680396515448	NA	NA	30.7745797780531	0	NA	NA	NA	124.456517078039	NA	0	NA	253.220319925722	22.9929387765807	NA	NA	NA	0	NA	0	0	NA
VILL	NA	NA	NA	NA	6662.3599697711	1	1	NA	NA	1	1	NA	NA	934.321043321505	1	1088.60020665696	NA	NA	3651.16124632838	NA	NA	NA
VNN1	NA	NA	NA	NA	NA	830.107010433059	NA	NA	NA	0	0	NA	NA	NA	NA	NA	0	NA	0	NA	0	NA
VNN2	806.160299851627	NA	NA	626.134491407696	NA	819.192972300559	NA	0	NA	NA	0	0	NA	NA	NA	NA	0	0	0	NA	NA	NA
VNN3	0	0	NA	0	0	46.2235608946144	0	NA	0	0	0	0	0	NA	NA	0	NA	403.344271586502	NA	NA	0	614.06138344751
VPREB3	12649.5803802861	15980.8447473001	NA	1	NA	1	1	1	1	1	1	1	1	1	1	1	1	1	1	1	1	1
WNT5B	NA	NA	NA	NA	NA	NA	NA	0	NA	0	0	NA	0	NA	0	887.504990915841	0	NA	NA	2848.72606363083	0	NA
WNT7A	0	NA	NA	0	35.6913894235929	NA	0	NA	0	0	0	NA	NA	NA	0	0	NA	4402.28305368437	368.814041125464	NA	0	0
ZAP70	3649.6343589347	2724.5576873712	NA	1287.4979952224	NA	NA	600.52386210306	NA	NA	NA	NA	NA	0	NA	0	NA	0	NA	NA	0	NA	0
ZBP1	295.300314100294	759.761504236156	NA	371.695785715696	0	NA	395.071542397781	NA	395.506172878294	0	0	0	0	0	199.882490368906	0	0	NA	0	NA	0	0
ZBTB10	NA	1	NA	1	NA	8733.51938001797	1	NA	1	NA	NA	NA	NA	1030.95082875376	1	5634.72001978377	1	1	NA	NA	NA	1
ZBTB32	359.481065991613	599.562627697133	NA	149.519065860277	NA	NA	313.494961715913	NA	254.651634173706	NA	NA	NA	NA	NA	NA	0	0	NA	NA	NA	NA	NA
ZFP36L2	NA	NA	NA	NA	NA	51259.7735774267	NA	NA	NA	NA	0	NA	NA	14634.5689032517	NA	NA	NA	NA	32392.7676243377	NA	NA	0
ZNF135	NA	0	NA	0	NA	1379.40462129909	0	NA	0	NA	NA	NA	NA	NA	0	NA	NA	NA	NA	0	NA	0
ZNF165	NA	NA	NA	1	NA	747.317039221933	1	1	1	1	NA	NA	1	208.774369921201	1	NA	1	1	1	NA	1	NA
ZNF204P	NA	NA	NA	0	0	1156.49088675233	0	NA	NA	NA	0	NA	2427.23837922265	412.028314059288	NA	0	0	NA	0	0	NA	0
ZNF222	NA	NA	NA	0	2359.01150082558	2235.74359830045	NA	1108.45182130049	0	NA	NA	NA	NA	493.312899002878	NA	788.052148522266	0	NA	1702.70239480784	NA	1851.62121669282	NA
ZNF286A	NA	0	NA	0	NA	1198.2715452104	0	NA	0	NA	936.591625730005	NA	NA	408.746485151064	NA	638.037468299365	0	NA	1663.56032761065	2356.3959443293	NA	0
ZNF324	NA	1	NA	NA	NA	1457.64269472518	1	NA	1	NA	1	NA	1	1335.95058499725	1	1186.79990142088	NA	NA	2387.65466987208	NA	1	NA
ZNF442	NA	NA	NA	0	NA	210.158489194405	0	NA	0	NA	NA	NA	NA	44.5841415504041	NA	151.125905477676	0	NA	193.888004736198	NA	NA	0
