GeneSymbol	B.cells.naive	B.cells.memory	Plasma.cells	T.cells.CD8	T.cells.CD4.naive	T.cells.CD4.memory.resting	T.cells.CD4.memory.activated	T.cells.follicular.helper	T.cells.regulatory..Tregs.	T.cells.gamma.delta	NK.cells.resting	NK.cells.activated	Monocytes	Macrophages.M0	Macrophages.M1	Macrophages.M2	Dendritic.cells.resting	Dendritic.cells.activated	Mast.cells.resting	Mast.cells.activated	Eosinophils	Neutrophils
ABCB4	1	1	1	1	1	0.23900067757686	1	1	1	1	0.886083501768281	1	0.821940230746214	0.0426379420082093	1	0.0575659311869443	1	1	1	1	1	1
ABCB9	1	1	1	1	1	1	1	1	1	1	1	1	1	1.35665004823866e-09	1	0.289697975222503	1	1	0.189844379095726	0.0383891861100678	1	0.182116199969017
ACAP1	2.97239789424773e-07	0.000208188334336806	1	0.000435719374874089	1	1	1	1	0.162061204492697	1	1	1	1	1	1	1	1	1	1	1	1	1
ACHE	0.0738041155869587	1	1	1	1	1	1	1	1	1	1	1	1	0.0540598176054564	1	0.0194693665875182	1	1	1	0.0763006732900641	1	1
ACP5	1	1	1	1	1	1	1	1	1	1	1	1	1	5.57088307315934e-12	1	0.00158573903074556	0.807418000399877	1	0.418620378694632	1	1	1
ADAM28	1.67967368780531e-05	4.72009174807483e-05	1	0.363767383334701	1	0.195405722787905	1	1	1	1	1	1	0.197790952420633	0.550435157467821	1	1	1	1	1	1	1	1
ADAMDEC1	0.202244215166763	0.663155416400582	1	0.173582272259659	1	1	1	1	1	1	1	1	1	0.0649182949636511	1	1	1	1	1	1	1	1
ADAMTS3	1	1	1	1	1	1	1	1	1	0.0644950034089063	1	1	1	0.633660993903198	1	0.350302600366285	1	1	0.319175779978647	1	1	1
ADRB2	1	1	1	1	1	0.0937513397725258	1	1	1	1	1	1	1	1	1	0.499768139844102	1	1	0.810705141277457	1	1	1
AIF1	1	1	1	0.00149799700877833	1	0.307128721554046	1	1	1	1	1	1	0.000129274841577275	0.168117934465593	0.579567825040304	0.12626710198168	1	1	1	1	1	1
AIM2	1	0.623461984434305	1	1	1	0.756219507153336	1	1	1	1	1	1	1	0.000644420396742742	1	1	1	1	1	1	1	0.616972559610638
ALOX15	1	1	1	1	1	0.595260256625119	1	1	1	1	1	1	1	1	1	1	1	1	1	1	1	1
ALOX5	0.422958520938741	0.0775570586195994	1	0.18997240890849	1	0.0677499533237886	1	1	0.53558545025414	1	1	1	0.012306497218624	0.0122035398222151	0.815081982408872	0.106427093007907	1	1	1	1	1	1
AMPD1	0.649196661149153	0.220301626157673	9.67543266141981e-05	0.341161347675188	1	1	1	1	0.244730368893452	0.706598407913063	1	1	1	1	1	1	1	1	1	1	1	1
ANGPT4	1	1	1	1	1	0.715253816002727	1	1	1	1	1	1	1	0.0796480255288037	1	1	0.0242117849570726	1	0.737393292747603	1	1	1
ANKRD55	0.0019025949454825	0.00322504429190414	1	1	1	0.369555788744058	1	1	1	1	0.641693168272881	1	1	0.327276043571533	0.622904373326402	1	1	1	1	1	1	1
APOBEC3A	1	1	1	1	1	1	0.995696372241471	1	1	0.0256832480744343	1	1	1	1	1	1	1	1	1	1	1	1
APOBEC3G	1	1	1	1	1	1	0.800424229381872	1	1	1	1	1	1	4.26791358689318e-05	1	1	1	1	1	1	1	1
APOL3	1	1	1	4.02005408712213e-07	1	0.576811724405058	1	1	1	1	1	1	1	1	1.67343237602602e-05	1	1	1	1	1	1	1
APOL6	1	1	1	0.00326071946773907	1	0.121545503854428	1	1	1	1	1	1	1	1	1.22533374047563e-08	0.909626657996867	1	1	1	1	1	1
AQP9	1	1	1	1	1	1	1	1	1	1	1	1	0.283128513939853	6.67455740387901e-07	1	0.608964182016859	1	1	1	0.571703700079537	1	0.00526759870725931
ARHGAP22	1	1	1	1	1	0.335283799450582	1	1	1	1	1	1	1	0.199933382057126	1	0.114130887626395	1	1	1	1	1	1
ARRB1	1	1	1	1	1	0.329458113467468	1	1	1	1	1	1	0.959609753509411	1.04666405457432e-05	1	1.16319780553012e-05	0.807418000399877	1	0.245807339508407	1	1	1
ASGR1	1	1	1	1	0.910977603060722	1	1	1	1	1	1	1	1	0.000649505025553493	1	0.0924028993423197	1	1	1	1	1	1
ASGR2	0.202921312197328	1	1	1	1	1	1	1	1	1	1	0.459519512470847	1	0.11229217292174	1	0.0642493075593303	1	1	1	1	1	1
ATHL1	0.310619817655142	0.0750669761076679	1	1	0.261548330267975	1	1	1	1	1	0.0964465220610179	1	1	0.0611764788572761	1	2.68835779579549e-05	1	1	1	1	1	1
ATP8B4	1	0.835305328973953	1	0.482316470233869	1	0.0017391644982564	1	1	1	1	1	1	0.0035673672900939	0.14929362749863	0.386707576685948	0.000222414223996627	1	1	1	1	1	1
ATXN8OS	1	1	1	1	1	1	1	1	1	1	1	1	1	0.583142266584374	1	0.367643530714586	1	1	1	1	1	1
AZU1	1	1	1	1	1	1	1	1	1	1	1	0.00680643753170789	0.000409669942461125	0.00445779553285261	1	0.262286610876553	0.987278672757133	1	1	1	1	1
BACH2	0.707530211452678	1	1	1	0.0259106904565202	0.00178305316886735	1	1	1	1	1	1	1	0.52505694541565	1	1	1	0.250406042504316	0.142609932457731	1	1	1
BANK1	4.45626394026541e-10	6.39570243927111e-06	1	1	1	1	1	1	1	1	1	1	1	1	1	1	1	1	1	1	1	1
BARX2	1	1	1	1	1	0.76235483898409	1	1	1	1	1	1	1	0.00334477748045976	1	1	0.615251176021889	0.244563348664137	1	1	1	1
BCL11B	0.423912521826816	0.52763428639653	1	0.079324342078531	1	0.129047092730045	1	1	1	1	1	1	1	0.911687531465642	1	1	1	2.45055318732301e-05	1	1	1	0.00112385471379133
BCL2A1	1	1	1	1	1	1	1	1	1	1	1	1	1	3.64279262216622e-07	1	0.491878676727133	1	1	0.142609932457731	1	1	1
BCL7A	0.931199788900105	1	1	1	0.112986649429861	0.116367234060005	1	1	1	1	1	1	1	7.86403338765914e-05	1	0.00164405011641577	1	1	0.0827208378470521	1	1	1
BEND5	0.386449223138907	1	1	1	0.0230826604890089	0.297355429778673	1	1	1	1	1	1	1	0.0677811287508885	1	0.0590988175515029	1	1	0.00128551177591637	1	1	1
BFSP1	1	1	1	1	1	0.096361520310403	1	1	1	1	1	1	1	0.0222592771692132	1	0.33919141413111	0.507957257603172	1	0.357334300985018	1	1	1
BHLHE41	1	1	1	1	1	1	1	1	1	1	1	1	1	1.08669137500947e-08	1	0.344458681013543	1	1	0.0662875583082261	1	1	1
BIRC3	0.0169859731597826	0.687422276023659	1	1	1	0.216111768809104	1	1	1	1	1	1	1	0.323519503206412	1	1	1	1	1	1	1	0.651043938584877
BLK	2.09764419872977e-11	6.80277101575142e-06	1	1	1	1	1	1	1	1	1	1	1	1	1	1	1	1	1	1	1	1
BMP2K	1	1	1	1	0.00304700855060276	1.74525588982356e-05	1	1	1	1	1	1	1	0.0011788687320433	0.663084492240116	8.11330643638541e-05	1	1	0.228136237797956	1	1	1
BPI	1	1	1	1	1	1	1	1	1	1	1	1	0.00231936239173758	0.734798142390008	1	1	1	1	1	1	1	1
BRAF	1	1	1	1	0.185287147088799	0.00137883004538761	1	1	1	1	1	1	1	1.82417970561828e-06	1	0.000468787499874232	1	1	0.286820900932586	0.929304290063222	1	1
BRSK2	1	1	1	1	1	1	1	1	1	1	1	1	1	0.00558748292036132	1	0.000171123071307477	1	1	1	1	1	1
BST1	1	1	1	1	1	1	1	1	1	1	1	1	0.411221523169175	0.265155334091467	1	0.000333013128603518	1	1	0.0294671900646543	1	1	1
BTNL8	1	1	1	1	1	1	1	1	1	1	1	1	1	1	1	1	0.83421680285704	1	1	0.610978503108906	1	0.752272707762192
C11orf80	0.696946202698815	1	1	1	1	0.0615347632756676	1	1	1	1	0.577154743648838	1	1	1.10034560864464e-09	1	0.00672435436255144	0.481025360575798	1	0.207362594886684	1	1	1
C1orf54	1	0.451689526297131	1	0.466257817783902	1	0.00404376015601761	1	1	1	1	1	1	0.786598197783174	1.08080784661125e-06	1	5.32858274042153e-06	1	1	1	1	1	1
C3AR1	1	1	1	0.0741261019591358	1	0.0310315834176473	1	1	1	1	1	1	0.00187526204851135	0.000798828860655709	1	0.00105605073082958	1	1	1	1	1	1
C5AR1	1	1	1	1	1	0.125498715834058	1	1	1	1	1	1	0.0112720527667087	2.47154966455626e-05	1	2.68835779579549e-05	1	1	1	1	1	1
C5AR2	1	1	1	0.100677873096998	1	0.067965108962975	1	1	1	1	1	1	0.0951460934063075	1.46877927928535e-08	1	1.16319780553012e-05	1	1	1	1	1	1
CA8	1	1	1	1	1	1	1	1	1	1	1	1	1	0.149808422877696	1	0.566904859335063	0.957206722101666	1	1	1	1	1
CAMP	1	1	1	1	1	0.546141347702908	1	1	1	1	1	1	0.159184522047837	0.14929362749863	1	1	1	1	1	1	1	1
CASP5	1	1	1	0.0327809592400219	1	1	0.000376545417093642	1	1	1	1	1	0.34018822542661	1	1	1	1	1	1	1	1	1
CCDC102B	0.0800218409202058	1	1	1	1	0.000286370904413157	1	1	1	1	1	1	1	0.0170475360612327	1	0.0112005317300947	1	1	1	1	1	1
CCL1	1	1	1	1	1	1	1	1	1	1	1	1	1	0.804686419113702	1	1	1	1	0.169175833527275	1	1	1
CCL13	1	0.981721118770348	1	1	1	0.796484139360304	1	1	1	1	1	1	0.513368995595217	0.970247653469283	1	0.0988350461899231	1	1	1	1	1	1
CCL14	0.122451587628482	1	1	1	1	0.534430815559061	1	1	0.128800776857326	1	1	1	1	0.80615667567461	1	1	1	1	0.161459299491618	1	1	1
CCL17	1	1	1	1	1	1	1	0.642562057537612	1	1	0.398150612124135	1	0.896056508977593	0.0893260295857214	1	0.180243415880345	1	8.46221631219547e-05	0.303406158390995	1	1	1
CCL18	1	1	1	1	1	1	1	1	1	1	1	0.723548184400045	1	0.192281893798921	1	0.00453288694634481	1	1	1	1	1	1
CCL19	4.63193137500245e-08	0.00228424179191107	1	1	1	1	1	1	0.000960728155942984	1	1	1	1	1	1	1	1	1	1	1	1	1
CCL20	1	1	1	1	1	0.587572802447226	1	1	1	1	1	1	1	0.0698603571649535	1	1	1	1	1	0.0135252454571222	1	0.0451389378831595
CCL22	1	0.286524800560377	1	1	1	1	1	1	0.0747669943182171	1	1	1	1	0.591063493932461	1	1	1	4.54461538843881e-19	1	1	1	1
CCL23	1	1	1	1	1	1	1	1	1	1	0.98852359819619	1	1	1	1	0.000112344829456587	1	1	1	0.689258726385644	1	1
CCL4	1	1	1	4.28566642582717e-10	1	1	1	1	1	1	1	1	1	1	1	1	1	1	1	1	1	1
CCL5	1	1	1	1.94013613302553e-13	1	1	1	1	1	1	1	1	1	1	1	1	1	1	1	1	1	1
CCL7	1	1	1	1	1	1	0.108049641243485	1	1	1	1	1	0.269985787354894	8.81276829339183e-05	1	1	1	1	1	1	1	1
CCL8	1	1	1	1	1	1	0.0261389711597971	1	1	1	1	1	0.638121290968978	1	0.00245242295352954	1	1	1	1	1	1	1
CCND2	0.531406333754697	1	1	1	1	0.00367155889405707	1	1	1	1	1	1	1	1	1	1	1	1	1	1	1	1
CCR10	1	1	1	1	1	1	1	0.569097981428092	1	1	1	1	1	0.031667913913613	1	0.856936523872793	1	1	1	1	1	1
CCR2	0.791668681576608	0.772717390661146	1	0.000447435768416414	1	0.0175614479389926	1	1	0.535819320575191	1	1	1	0.413148097996792	1	0.371917943859987	1	1	1	1	1	1	1
CCR3	1	1	1	0.173582272259659	1	9.2156629675516e-05	1	1	1	1	1	1	1	0.938273970818514	1	1	1	1	1	0.0902916050846461	1	0.0514097889480969
CCR5	1	1	1	4.28566642582717e-10	1	0.537408127465633	1	1	1	1	1	1	1	1	0.863077359584414	1	1	1	1	1	1	1
CCR6	7.67301238296592e-10	2.32230428608941e-05	1	1	1	1	1	1	0.933842754825589	1	1	1	1	1	1	1	1	1	1	1	1	1
CCR7	2.70802451570529e-09	0.000194334675237366	1	1	1	1	1	1	0.00323044474072649	1	1	1	1	1	1	1	1	1	1	1	1	1
CD160	0.116863152063749	1	1	0.0443161388680303	0.4375045731786	0.00454708755374017	1	1	1	0.751826297426504	1	1	1	0.107058038023601	1	0.0688319374422273	1	1	0.303406158390995	1	1	1
CD180	3.28437232344602e-07	0.000556726599650092	1	0.397982453205709	1	1	1	1	0.53558545025414	1	1	1	0.00547509882956708	1	1	0.0988350461899231	1	1	1	1	1	1
CD19	2.11900413250017e-13	2.60768598581091e-05	1	1	1	1	1	1	1	1	1	1	1	1	1	1	1	1	1	1	1	1
CD1A	1	1	1	1	1	1	1	1	1	1	1	1	1	0.069102303010354	1	1	3.2590002711779e-09	0.0381465253155183	1	1	1	1
CD1B	0.349372011486394	0.843336683152095	1	1	1	1	1	1	1	1	1	1	1	0.181111622953745	1	1	3.77564423588837e-08	1	1	1	1	1
CD1C	5.04360495125786e-06	0.000996304906384485	1	1	1	0.748491074527253	1	1	0.511414629773688	1	1	1	1	1	1	1	0.000253612820146683	1	1	1	1	1
CD1D	0.00656695017321125	0.0480493368519972	1	0.596528287015624	1	0.456600611527979	1	1	1	1	1	1	0.0018057749635017	0.00142014939774328	0.272032424143739	1	1	1	1	1	1	1
CD1E	0.0902099061485534	0.115540766041661	1	1	1	0.203807807298676	1	1	0.589378464722533	1	1	1	1	0.908948081005052	1	1	0.000212675820383794	1	1	1	1	1
CD2	0.837670804303958	0.623461984434305	1	7.1643246835047e-11	1	1	1	1	1	1	1	1	1	1	1	1	1	1	1	1	1	1
CD209	0.386449223138907	1	1	0.142465798327502	1	1	1	1	1	1	1	1	0.146147155947476	0.816201398559317	1	5.01713727741231e-06	1	1	1	1	1	1
CD22	0.0177540473448131	0.927528896237872	1	1	1	1	1	1	1	0.0256832480744343	0.872891659513704	1	1	1	1	1	1	1	0.564890427446156	1	0.241164595688345	1
CD244	0.457631929776366	1	1	0.0235418387652026	1	0.932992375209843	1	1	1	1	1	1	1	1	1	1	0.83421680285704	1	0.554868243503252	1	1	1
CD247	0.000542542494078081	0.0808371661717951	1	5.96199345574354e-07	1	1	1	1	0.53558545025414	1	1	1	1	1	1	1	1	1	1	1	1	1
CD27	0.0325195202907151	0.163544655759078	1	2.41157798898063e-10	1	1	1	1	0.196109928834384	1	1	1	1	1	1	1	1	1	1	1	1	1
CD28	0.00130876327112679	0.0555064011179416	1	0.339428177381833	1	0.31534642178139	1	1	1	1	1	1	0.477351052732082	0.401189183756671	1	0.10316261895998	1	1	1	1	1	1
CD300A	1	1	1	0.0888071421107787	1	0.712748611352625	1	1	1	1	1	1	2.42216192894696e-05	3.3351638786087e-06	1	0.0290573256312771	1	1	1	1	1	1
CD33	1	1	1	1	1	0.127890824339363	1	1	1	1	1	1	0.490661632011155	0.00109170310432606	1	0.161218873198937	1	1	1	1	1	1
CD37	9.57206432014498e-12	0.000124039312902625	1	0.0987155808777256	1	1	1	1	0.0276974657833526	1	1	1	0.852577615163337	1	1	1	1	1	1	1	1	1
CD38	0.358774921485098	1	1	0.000113029436151524	1	1	1	1	1	1	1	1	0.841034740160005	1	0.0663437512883294	1	1	1	1	1	1	1
CD3D	0.0190578675805421	0.105088821508848	1	2.29972736280701e-09	1	1	1	1	1	1	1	1	1	1	1	1	1	1	1	1	1	1
CD3E	0.00818633473147727	0.115540766041661	1	1.60757482288793e-08	1	1	1	1	0.469592315037429	1	1	1	1	1	1	1	1	1	1	1	1	1
CD3G	0.00603724160388731	0.0775570586195994	1	5.20803053650694e-09	1	1	1	1	1	1	1	1	1	1	1	1	1	1	1	1	1	1
CD4	0.668207526204365	1	1	0.00442709286819293	1	0.242483071195105	1	1	0.790974755136713	1	0.0409453773219305	1	0.56653526584965	0.391665514308095	1	0.0236220212322587	1	1	1	1	1	1
CD40	0.00202302764460894	1	1	0.14913666489079	1	1	1	1	1	1	1	1	0.0134436239698543	8.60077451121043e-08	1	1	1	1	1	1	1	1
CD40LG	6.98740378457615e-08	2.32230428608941e-05	1	1	1	1	1	1	0.276913994402849	1	1	1	1	1	1	1	1	1	1	1	1	1
CD5	6.3233683953704e-05	0.0214194584026124	1	0.000736933954201679	1	1	1	1	0.000612496826576383	1	1	1	1	1	1	1	1	1	1	1	1	1
CD6	0.000421003078066373	0.0408176973861255	1	1.23917397517094e-06	1	0.820890074052204	1	1	0.0276974657833526	1	1	1	1	1	1	1	1	1	1	1	1	1
CD68	1	1	1	0.265828696928933	1	1	1	1	1	1	0.886083501768281	1	0.942932174662989	4.012929082231e-05	1	0.00126528897499467	1	1	1	1	1	1
CD69	3.91589783663994e-08	2.88172751455662e-05	1	0.109296320363926	1	0.247419474610466	1	1	1	1	1	1	1	1	1	1	1	1	1	1	1	1
CD7	0.307006786736533	1	1	2.44195050312926e-10	1	1	1	1	0.281997620592889	1	1	1	1	1	1	1	1	1	1	1	1	1
CD70	1	1	1	1	1	1	1	1	1	1	1	1	1	1	1	1	1	1	1	9.47754382395795e-07	1	0.515026533273284
CD72	7.82128310146053e-06	0.202718412920693	1	3.31753428048839e-08	1	1	1	1	1	1	1	1	0.154585055428436	1	1	1	1	1	1	1	1	1
CD79A	6.94205848376368e-10	0.00587737429970867	1	1	1	1	1	1	0.589378464722533	1	1	1	1	1	1	1	1	1	1	1	1	1
CD79B	3.73525105346305e-08	0.0631827449702227	1	1	0.725035146358818	1	1	1	1	1	1	1	1	1	1	1	1	1	1	1	1	1
CD80	1	0.462093416383326	1	0.0545013575457234	1	0.000585739350948322	0.593659434629477	1	1	1	1	1	1	0.0540598176054564	0.0133422929221348	1	1	1	1	1	1	1
CD86	1	1	1	0.000105349144393407	1	0.143997261755132	1	1	1	1	1	1	0.000957299301696189	0.0168230013890234	0.0990308989878761	0.0337046750403419	1	1	1	1	1	1
CD8A	1	1	1	3.10501160958237e-11	1	1	1	1	1	1	1	1	1	1	1	1	1	1	1	1	1	1
CD8B	1	1	1	1.94013613302553e-13	1	1	1	1	1	1	1	1	1	1	1	1	1	1	1	1	1	1
CD96	0.564415787175733	1	1	0.0987155808777256	1	0.752090363091016	1	1	1	1	1	1	1	0.429675406316528	1	1	1	1	1	1	1	1
CDA	1	1	1	1	1	1	1	1	1	1	1	1	1	0.000856222634090856	1	1	1	0.518577743228959	1	1	1	1
CDC25A	0.3841734754022	1	1	1	0.0259106904565202	0.242483071195105	1	1	1	1	1	1	1	1.18059180776858e-06	1	0.0590988175515029	1	1	0.169175833527275	1	1	1
CDH12	1	1	1	1	1	0.56457850277181	1	1	1	1	1	1	1	0.48336608025024	1	1	1	1	1	1	1	1
CDHR1	1	0.811749379042242	1	1	1	1	1	1	1	1	1	1	1	1	1	1	0.83421680285704	1	1	1	1	1
CDK6	1	1	1	1	1	0.000429840836688859	1	1	1	1	1	1	0.638121290968978	0.000619020443734936	1	0.128660065386722	1	1	1	1	1	1
CEACAM3	1	1	1	0.893242351181057	1	1	1	1	1	1	1	1	1	0.521772093521824	1	1	1	0.36296265223796	1	0.000520727225660529	1	9.58447693789314e-08
CEACAM8	1	1	1	1	1	0.149439406002988	1	1	1	1	1	1	7.27177085351207e-05	0.583142266584374	1	1	1	1	1	1	1	1
CEMP1	1	1	1	1	1	1	1	1	1	1	1	1	1	1	1	1	1	1	1	1	1	1
CFP	3.49381569151033e-06	0.334978711291939	1	0.227141612522671	1	1	1	1	0.281997620592889	1	1	1	0.217769262313167	0.206145804054482	1	1	1	1	1	1	1	1
CHI3L1	0.226207861836907	1	1	1	1	1	1	1	1	0.706598407913063	1	0.00382711834393824	1	0.908948081005052	1	1	1	1	1	1	1	1
CHI3L2	1	0.453200643358511	1	1	8.56938083658163e-06	1	1	1	1	1	1	1	0.430542418009791	0.125223126619196	1	1	1	1	0.124950999678216	1	1	1
CHST15	0.404968029547785	1	1	1	1	0.054051193096819	1	1	1	1	1	1	1	3.29823565595265e-05	1	0.00114950503191153	1	0.881245235896371	1	1	1	1
CHST7	1	1	1	1	5.32869642957805e-13	0.512438550102615	1	1	1	1	1	1	1	0.000826191542009147	1	0.0657000326693354	1	1	1	1	1	1
CLC	0.0889331355102317	1	1	1	1	1	1	1	1	1	1	1	1	1	1	0.79790959914036	1	1	1	1	1	1
CLCA3P	1	1	1	1	1	0.0251608097003171	1	1	1	1	1	1	1	0.734798142390008	1	1	1	1	1	1	1	0.231272095684231
CLEC10A	0.0413070059020155	1	1	0.0348217990790135	1	0.238954711239175	1	1	1	1	1	1	0.852577615163337	0.569725257142291	1	1	0.0489247815353364	1	1	1	1	1
CLEC2D	0.167019799440417	2.2489818849783e-05	1	1	1	0.816488936347562	1	0.642562057537612	1	1	0.219709353229876	1	1	1	1	0.000663222843603265	0.153336693149227	1	1	1	1	1
CLEC4A	1	0.981721118770348	1	0.464369808481038	1	0.0122647247109177	1	1	1	1	1	1	0.0905089326131096	0.000176782393561157	0.128359017574719	0.0312505253562912	1	5.2733366371307e-06	1	1	1	1
CLEC7A	1	1	1	0.082606446040678	1	0.0329947432140041	1	1	1	1	1	1	0.0148736989073729	0.0330591346949654	0.00506647255463236	0.181133507245823	1	1	1	1	1	1
CLIC2	1	0.81112664371008	1	1	1	0.0596884074386159	1	1	1	1	1	1	1	0.88377733219524	0.0663437512883294	1	1	1	1	1	1	1
CMA1	1	1	1	1	1	1	1	1	1	1	1	1	1	0.648735041488076	1	1	0.0962945641172473	1	0.124950999678216	1	1	1
COL8A2	1	1	1	1	1	0.236039199644147	1	1	1	1	1	1	1	0.00057729373683911	1	1	1	0.275203446197049	0.207362594886684	1	1	1
COLQ	0.00021887229023817	0.0268463118670576	1	1	1	0.785701045607947	1	1	1	1	0.286015463248798	1	1	1	1	0.0137942307609956	1	1	0.41385080291007	1	1	1
CPA3	1	1	1	1	1	0.23900067757686	1	1	1	1	1	1	1	0.0468791505929613	1	1	0.0242117849570726	0.881245235896371	0.00504321972494026	1	1	1
CR2	1.94465384462749e-10	0.00173170795087938	1	1	1	1	1	1	1	1	1	1	1	1	1	1	1	1	1	1	1	1
CREB5	1	1	1	1	1	0.0257553475496629	1	1	1	1	1	1	1	0.000468055068110872	1	0.56711060341542	1	1	0.637908135463718	1	1	1
CRISP3	1	1	1	1	1	0.993977715461065	1	1	1	0.0137851513960585	1	1	1	0.959429142665929	1	1	1	1	1	1	1	1
CRTAM	1	1	1	1.07510559151357e-09	1	1	1	1	1	1	1	1	1	1	1	1	1	1	1	1	1	1
CRYBB1	1	1	1	0.339428177381833	1	0.878284517261262	1	1	1	1	1	1	6.56093706136544e-08	6.81468802793182e-06	1	1.47873208762789e-10	1	1	1	1	1	1
CSF1	1	0.637636318272891	1	0.160346680299062	1	0.0950226036605933	1	1	1	1	1	1	0.00186831012106221	3.47844600739078e-05	1	0.00134302738493198	1	1	1	1	1	1
CSF2	1	1	1	1	1	0.512438550102615	1	1	1	1	1	1	1	1	1	1	1	0.0208198167737533	1	1	1	1
CSF3R	1	1	1	0.0618296550893078	1	1	1	1	1	1	1	1	0.159184522047837	0.167734370546281	1	0.479201121361205	1	1	1	0.0409915664021735	1	9.57167812148969e-05
CST7	1	1	1	0.00108192475687609	1	1	1	1	1	1	1	1	1	0.327382189807308	1	1	1	1	1	1	1	1
CTLA4	1	1	1	1	1	1	1	1	1	1	1	1	1	0.0145392397709735	1	1	1	1	1	1	1	1
CTSG	1	1	1	1	1	1	1	1	1	1	1	1	1	1.8327849792165e-05	1	1	0.507957257603172	1	0.587116518105793	1	1	1
CTSW	1	1	1	2.74899114292869e-11	1	1	1	1	1	1	1	1	1	1	1	1	1	1	1	1	1	1
CXCL10	1	1	1	0.0559706805390057	1	1	1	1	1	1	1	1	1	1	0.00245242295352954	1	1	1	1	1	1	1
CXCL11	1	1	1	0.553932202943154	1	1	0.874203352260133	1	1	1	1	1	1	1	0.00245242295352954	1	1	1	1	1	1	1
CXCL13	3.12733213736897e-05	0.00139599660744519	1	0.00386412211421382	1	1	1	1	1	1	1	1	1	1	1	1	1	1	1	1	1	1
CXCL3	1	1	1	1	1	1	1	1	1	1	1	1	1	1	1	1	1	1	1	0.000121358034810582	1	1
CXCL5	1	1	1	1	1	0.0862351255284184	1	1	1	1	1	1	1	1	1	1	1	1	1	0.00900177782640033	1	1
CXCL9	1	1	1	5.57769162509436e-05	1	1	1	1	1	1	1	1	1	1	0.0663437512883294	1	1	1	1	1	1	1
CXCR1	1	1	1	1	1	1	1	1	1	1	1	1	1	1	1	1	1	1	1	0.0763006732900641	1	1.78814956763438e-12
CXCR2	0.458371179404944	1	1	1	1	1	1	1	1	1	1	1	1	0.363624175935164	1	1	1	1	1	0.149088446902369	1	0.000151813145583954
CXCR5	1.54795622345477e-10	7.23705400945745e-05	1	1	1	1	1	1	1	1	1	1	1	1	1	1	1	1	1	1	1	1
CXCR6	1	1	1	9.7379542148741e-10	1	1	0.700990929642146	1	1	1	1	1	1	1	1	1	1	1	1	1	1	1
CXorf57	0.871803165512264	1	1	1	0.014156932935235	0.0122497898298624	1	1	1	1	1	1	1	0.00311879748427341	1	0.0337046750403419	1	1	0.54603688126225	1	1	1
CYP27A1	1	1	1	1	0.657351904972654	1	1	1	1	1	1	1	1	3.07855045995529e-06	1	4.42506930776562e-05	1	1	0.00128551177591637	1	1	1
CYP27B1	1	1	1	1	0.0070714044568558	0.000286370904413157	1	1	1	1	1	1	1	1.24501675314184e-07	1	1	1	1	1	1	1	1
DACH1	1	1	1	1	1	0.340038248582939	1	1	1	1	1	1	1	1	1	1	1	0.40257182094509	1	1	1	1
DAPK2	1	1	1	1	0.0259106904565202	0.0937513397725258	1	1	1	1	1	1	1	0.000110422707892345	1	1	0.0655364608408315	1	0.228136237797956	1	1	1
DCSTAMP	1	1	1	1	1	1	1	1	1	1	1	1	1	0.00358475268564926	1	1	1	1	1	0.885047957284869	1	0.634639234827276
DEFA4	0.0396057685438399	0.0137579271137325	1	1	1	1	1	1	0.168949150863084	1	1	1	1	1	1	1	1	1	1	1	1	1
DENND5B	1	1	1	1	1.15632009263717e-11	0.0110807528260411	1	1	1	1	1	1	1	0.286310344368763	1	0.0103543693621603	1	1	0.335621299727298	1	1	1
DEPDC5	0.338457244428292	1	1	1	0.325210525019814	0.0507039777594775	1	1	1	1	0.762816764807531	1	1	6.13861286502558e-14	1	0.000163733161903946	1	1	0.003308165124164	1	1	1
DGKA	0.000861798087401776	0.110965712101772	1	0.646853171206519	1	0.0013027828790093	1	1	1	1	1	1	1	3.4008345993842e-07	1	0.587191368317664	1	0.360314661620317	0.142609932457731	0.737935476214266	1	1
DHRS11	1	1	1	1	0.303128227535779	1	1	1	1	1	1	1	1	7.72302979049138e-13	1	0.00798496499235242	0.0435390283649359	1	0.0942614285143237	1	1	1
DHX58	1	1	1	1	1	1	0.568993939787779	1	1	1	1	1	1	0.0213973575526701	0.00304811254232175	5.93764382499374e-05	1	1	0.0793453123741856	1	1	1
DPEP2	0.00201793941001282	0.457356672397701	1	0.0354041521115634	1	0.744889408235542	1	1	0.18470069187335	1	1	1	0.408043593220565	0.139548210412616	1	0.00757788605872631	1	1	1	1	1	1
DPP4	1	0.776898232936006	1	1	1	1	1	1	1	1	1	1	1	0.0126420076878137	1	1	0.0584734542432051	1	1	1	1	1
DSC1	1	1	1	1	1	1	1	1	1	1	1	1	1	0.653243088870361	1	1	0.0614374339028868	1	0.225742597163946	1	1	1
DUSP2	0.854103686797689	1	1	0.297078652580853	1	0.654016449289958	1	0.569097981428092	1	1	1	1	1	9.05506127728296e-11	1	1	1	1	1	0.587120498473665	1.64333599096811e-07	1
EAF2	6.53023441498354e-09	0.00115218636726345	1	1	1	0.0611696257686672	0.800424229381872	1	1	1	1	1	0.0722937533108678	0.000108586503145291	0.0612260884589467	1	1	1	1	1	1	1
EBI3	1	0.981721118770348	1	5.42165549761568e-07	1	1	1	1	1	1	1	1	0.0434129572046749	1	0.48227537800049	0.324429262800045	1	1	1	1	1	1
EFNA5	0.857086776642115	1	1	1	1	0.117165277938859	1	1	1	1	0.201697288948837	1	0.490661632011155	0.000232151342165613	1	1	1	1	0.490341067996541	1	1	1
EGR2	0.833525719986045	1	1	1	1	0.0119607936389299	1	1	1	1	1	1	1	0.0135488303410154	1	1	1	1	1	1	1	1
ELANE	0.871803165512264	1	1	1	1	1	1	1	1	1	1	1	1	0.206485668979847	1	1	1	1	1	1	1	1
EPB41	0.00255734160883675	1	1	0.799799499493587	1.42880365458355e-08	0.0122422731434393	1	1	1	1	1	1	1	0.000123113173224987	1	0.0575659311869443	1	1	0.226820176202126	1	1	1
EPHA1	1	1	1	1	1	1	1	1	1	1	1	1	1	0.0495789479280443	1	1	0.655368613065801	0.0947183761989988	0.813592236236513	1	1	1
EPN2	0.402529147545054	1	1	1	1	0.0329947432140041	1	1	1	1	1	1	0.207836392274185	4.15647740848893e-07	1	0.000275349380776806	1	1	0.105478651415965	0.338123260680943	1	1
ETS1	1	1	1	1	1	0.0156318478645308	1	1	1	1	1	1	1	0.34509993464858	1	1.16376023220655e-05	1	1	0.0748400449768359	1	1	1
ETV3	1	1	1	1	0.0451254685110374	0.0453384594292908	1	1	1	1	0.872891659513704	1	1	4.78967551167264e-08	1	3.67989413200298e-05	1	1	0.337249570489931	1	0.726784683036904	1
FAM124B	0.422958520938741	1	1	1	1	0.00499872613450302	1	1	1	1	1	1	0.0295127709812562	9.23470566955922e-06	1	0.00416802096947257	1	1	0.995523500921376	1	1	1
FAM174B	1	1	1	1	0.0885933015850831	1	1	1	1	1	0.886083501768281	1	1	0.377038125576921	1	4.09189328874164e-06	1	1	0.161459299491618	1	0.349597316527139	1
FAM198B	1	1	1	1	1	0.00135155786338683	1	1	1	1	1	1	0.175452920477657	0.262179370590848	1	0.00482124459530785	1	1	1	1	1	1
FAM212B	1	1	1	1	1	1	1	1	1	1	1	1	1	0.17099883495714	1	0.131699028954348	1	1	0.0337236523884247	1	1	1
FAM65B	0.311247198485364	1	1	1	1	0.799181029859024	1	1	1	1	0.362073590351947	1	1	0.311796577172532	1	0.230592604639545	1	1	0.335621299727298	1	1	1
FASLG	1	1	1	3.50422024819997e-10	1	1	1	1	1	1	1	1	1	1	1	1	1	1	1	1	1	1
FBXL8	1	1	1	1	0.577893837059765	1	1	1	1	1	1	1	1	2.20217400125994e-05	1	5.65609643210818e-07	1	1	0.124950999678216	1	1	1
FCER1A	0.431328346709438	1	1	1	1	0.000821904506348409	1	1	1	1	1	1	1	1	1	1	5.55933297296094e-07	1	0.20009082718512	1	1	1
FCER2	5.06950808954512e-14	0.0142285444699639	1	1	1	1	1	1	1	1	1	1	1	1	1	1	1	1	1	1	1	1
FCGR2B	1	0.0826682192535446	1	1	1	1	1	1	1	1	0.705317988001557	1	0.50672419210009	5.80911639328389e-07	1	1	1	1	1	1	1	1
FCGR3B	1	1	1	1	1	1	1	1	1	1	1	1	1	1	1	1	1	1	1	0.00851308056442327	1	9.58447693789314e-08
FCN1	1	1	1	0.108911040880731	1	1	1	1	1	1	1	1	2.65114445256088e-10	0.00334477748045976	1	1	1	1	1	1	1	1
FCRL2	1.53218265905162e-12	3.40949737828649e-07	1	1	1	1	1	1	1	1	1	1	1	1	1	1	1	1	1	1	1	1
FES	1	1	1	1	1	1	1	1	1	1	0.239828776402104	1	0.408043593220565	3.25317543038234e-10	1	0.0107244854321088	1	1	0.0181623531725443	1	1	0.231272095684231
FFAR2	1	1	1	1	1	1	1	1	1	1	1	1	1	0.908948081005052	1	1	1	0.881245235896371	1	1	1	0.833038749763829
FLT3LG	0.458371179404944	0.83805840835319	1	1	1	0.387513917304415	0.800424229381872	1	0.6404355574995	1	1	0.00301320062900984	1	0.000212973283051582	0.215631003667523	0.180427686978414	1	1	1	1	1	1
FLVCR2	1	1	1	0.169014031131176	1	0.292030729820149	1	1	1	1	1	1	0.00840501691342004	7.62951956739535e-08	0.261105332742894	0.0021425931146481	1	1	0.720969325661351	1	1	1
FOSB	1	1	1	1	1	0.661376002152652	1	1	1	1	1	1	1	0.561953558514857	1	1	1	1	1	1	0.0131815289641832	1
FOXP3	0.45459666668866	0.770311555978732	1	0.536096000209699	0.000193839264248165	0.533653335315783	1	1	3.85232522091758e-08	1	1	1	1	0.461207017627158	1	1	1	1	0.588418317654472	1	1	1
FPR1	1	1	1	0.600534213201409	1	1	1	1	1	1	1	1	0.000174532365023404	0.219031016474571	1	0.179160487785318	1	1	1	0.0135154174063516	1	0.0943674819474128
FPR2	1	1	1	1	1	1	1	1	1	1	1	1	1	1	1	1	1	1	1	8.92924240658223e-06	1	0.0121817268120995
FPR3	1	1	1	0.173582272259659	1	0.142261536635923	1	1	1	1	1	1	0.0419970580822339	0.00109170310432606	0.229253444375229	4.33802104962111e-05	1	1	1	1	1	1
FRK	1	1	1	1	0.000996310990673604	1.74525588982356e-05	1	1	1	1	1	1	1	0.0148603641852256	1	0.150974857778649	1	1	0.207362594886684	1	1	1
FRMD4A	1	1	1	1	1	0.321668163051487	1	1	1	1	1	1	1	0.00170000453494991	1	0.242911571696191	1	1	0.54386625948049	0.00954405269354802	1	0.179088729365781
FRMD8	1	1	1	1	1	0.076103994732893	1	1	1	1	1	1	1	1.08669137500947e-08	1	0.000171123071307477	1	1	0.364136812025405	1	1	1
FZD2	0.175849013738391	1	1	1	1	0.573650380225036	1	1	1	1	1	1	0.0142143327552018	0.00558748292036132	1	0.262286610876553	1	1	1	1	1	1
FZD3	1	1	1	1	1	0.00115073048619718	1	1	1	1	1	1	1	3.10944273336667e-05	1	0.00725434626906083	1	1	0.217516057807004	0.46903128868021	1	1
GAL3ST4	1	1	1	1	1	1	1	1	1	1	0.239828776402104	1	0.0093243164670685	8.2127948992436e-05	1	5.93764382499374e-05	1	1	1	1	1	1
GALR1	1	0.0336208220092456	1	1	1	1	1	1	1	1	1	1	1	1	1	1	1	1	1	1	1	1
GFI1	0.881596824465097	1	1	0.406922253955242	1	0.610120083862691	1	1	1	1	0.0120923259531309	1	1	0.063017570085622	1	0.136939275462151	1	1	1	1	1	1
GGT5	1	1	1	0.768133954575537	1	0.763217639354668	1	1	0.156652933554748	1	1	1	1	1.31280070393316e-11	1	0.0084181676742634	1	1	0.286820900932586	1	1	1
GIPR	1	0.244188785180133	1	1	1	0.117165277938859	1	1	1	1	1	1	1	0.256505090442791	1	0.0575659311869443	1	1	1	1	1	1
GNG7	1	1	1	1	1	0.877793116293117	1	1	1	1	1	1	1	0.0968790609779953	1	0.00767639799772536	1	1	0.810705141277457	1	1	1
GNLY	1	1	1	1	1	1	0.19472586763619	1	1	1	0.239828776402104	0.000280548711479875	1	1	1	1	1	1	1	1	1	1
GPC4	1	1	1	1	1	1	1	1	1	1	1	1	1	0.000626423168414727	1	0.657072302760152	1	1	0.0942614285143237	1	1	1
GPR1	1	1	1	1	1	0.0603250181847096	1	1	1	1	1	1	1	0.0213973575526701	1	1	0.663809627950189	1	0.105478651415965	1	1	1
GPR171	0.499727386133978	1	1	1.96782717577385e-08	1	1	0.493961848786465	1	1	1	1	1	1	1	1	1	1	1	1	1	1	1
GPR18	4.3127490736549e-10	0.000753963215673353	1	0.07034101479729	1	1	1	1	0.589378464722533	1	1	1	1	1	1	1	1	1	1	1	1	1
GPR183	0.00374638604149923	0.00457117332183404	1	1	1	0.000205782503293857	1	1	1	1	1	1	1	0.0108044847694022	1	0.280987188647308	1	1	1	1	1	1
GPR19	1	1	1	1	1	1	1	1	1	1	0.860567215435087	1	1	0.0167608931612182	1	9.01111946477225e-05	1	1	0.488343079375575	1	0.656832813586271	1
GPR25	0.198677650883705	1	1	1	1	1	0.108049641243485	1	0.041040704241932	1	1	1	1	1	1	1	1	1	1	1	1	1
GPR65	1	0.337163300442202	1	0.000625089902618765	1	0.163597892439454	1	1	1	1	1	1	0.000278407948031903	0.816201398559317	0.319881084007532	1	1	1	1	1	1	1
GRAP2	0.3841734754022	1	1	0.954138288113032	1	0.263180532888665	1	1	1	1	1	1	0.234801412988058	2.35656648926033e-05	1	1	1	1	1	1	0.69309079451163	1
GUSBP11	0.986286654498588	1	1	1	1	0.284507692969408	1	1	1	1	1	1	1	0.00510340433485967	1	0.000812336277172117	1	1	0.0156745869353492	1	1	1
GYPE	1	1	1	1	1	1	1	1	1	1	1	1	1	0.0106652586582228	1	0.350302600366285	1	1	1	1	1	1
GZMA	1	1	1	4.28566642582717e-10	1	1	0.800424229381872	1	1	1	1	1	1	1	1	1	1	1	1	1	1	1
GZMB	1	1	1	0.189293391635271	1	1	2.62711627872988e-06	1	1	1	1	1	1	1	1	1	1	1	1	1	1	1
GZMH	1	1	1	1.479197970206e-07	1	1	0.0391552143295964	1	1	1	1	1	1	1	1	1	1	1	1	1	1	1
GZMK	1	1	1	2.79698562391397e-10	1	1	1	1	1	0.0256832480744343	1	1	1	1	1	1	1	1	1	1	1	1
GZMM	0.377821561617342	1	1	0.780181033169786	1	1	1	1	1	1	1	1	1	0.0135473420319491	1	1	1	1	1	1	1	1
HAL	1	1	1	1	1	1	1	1	1	1	1	1	1	0.392647520396748	1	1	0.0642460499838541	1	0.380551893726475	1	1	1
HCK	1	1	1	6.9195479970663e-06	1	0.662843535913359	1	1	1	1	1	1	0.000276883664482246	0.000167172383375623	1	0.00684107455236201	1	1	1	1	1	1
HDC	1	1	1	1	1	0.546141347702908	1	1	1	1	1	1	1	0.163933220172085	1	1	0.455563175430272	0.244563348664137	0.00139116557579088	1	1	1
HESX1	0.384845404314994	1	1	1	0.0809430804297993	0.0531067005263834	1	1	1	1	1	1	0.904773391071298	1.14113862592297e-05	0.41414051560341	0.0480091815459389	1	1	0.514791510887418	1	1	1
HHEX	0.0615431184190485	1	1	1	1	0.799181029859024	1	1	1	1	1	1	1	5.92038577399912e-06	0.0417238090109358	1	1	1	0.458308948457231	1	1	1
HIC1	0.422958520938741	1	1	1	1	0.172742274607478	1	1	1	1	1	1	2.63444802049109e-07	0.000826191542009147	1	0.0216546970292377	1	1	1	1	1	1
HIST1H2AE	1	1	1	1	1	0.99178723380923	1	0.569097981428092	1	1	1	1	1	0.0249440310020343	1	1	1	1	1	1	1	1
HIST1H2BG	1	1	1	1	1	0.425202075566856	1	0.642562057537612	1	1	1	1	1	0.0107819265462798	1	1	1	1	1	1	1	0.286668964224134
HK3	1	1	1	0.00123584719852172	1	1	0.800424229381872	1	1	1	1	1	0.00154870972940972	5.66370799464734e-07	1	0.213276077619065	1	1	1	1	1	1
HLA.DOB	1.3161744397242e-11	2.93737511069477e-05	1	0.079324342078531	1	1	1	1	1	1	1	1	1	1	1	1	1	1	1	1	1	1
HLA.DQA1	1	1	1	0.166379667174368	1	1	1	1	1	1	1	0.523137379446586	1	1	0.454905736787946	1	1	1	0.559358912893406	1	1	1
HMGB3P30	1	1	1	1	1	1	1	1	1	1	1	1	1	1	1	1	1	1	0.554868243503252	1	1	1
HNMT	1	1	1	1	1	0.000205782503293857	1	1	1	1	1	1	0.638121290968978	0.395226895586382	0.863077359584414	0.00158573903074556	1	1	0.0827208378470521	1	1	1
HOXA1	0.69100222939673	1	1	1	1	0.0862351255284184	1	1	1	1	1	1	0.00204945806361929	4.29036087429049e-05	1	0.376165691555845	1	1	1	1	1	1
HPGDS	1	0.981721118770348	1	1	1	0.0349173663579376	1	1	1	1	1	1	0.000260092174100834	0.159168330506988	1	0.00114950503191153	1	1	1	1	1	1
HPSE	1	1	1	0.804786819564153	1	0.0136756607662766	1	1	1	1	1	1	1	0.0223541306377115	1	0.510155571497931	1	1	0.0337236523884247	1	1	1
HRH1	1	1	1	1	1	0.0228095714349659	1	1	1	1	1	1	1	0.0199661866981094	1	0.157172263528742	1	1	1	1	1	1
HSPA6	1	0.592672389009562	1	1	1	1	1	1	1	1	1	1	1	2.56009987956095e-05	1	0.0312505253562912	1	1	0.41385080291007	1	1	1
HTR2B	1	1	1	1	1	1	1	1	1	0.200706762611269	1	0.411292078298628	1	1	1	0.0140978479591511	1	1	1	1	1	1
ICA1	1	1	1	1	0.015816575331799	0.0882503690346979	1	1	1	1	1	1	1	0.000342829447751359	1	0.216347524113571	1	1	0.011216207802806	1	1	1
ICOS	0.226207861836907	0.187217919904169	1	2.89960182316742e-05	1	0.763217639354668	1	1	1	1	1	1	1	1	1	1	1	1	1	1	1	1
IDO1	1	1	1	0.0516030812432351	1	1	1	1	1	1	1	1	1	1	0.0415104846702462	1	1	1	1	1	1	1
IFI44L	1	1	1	1	1	0.890543244240888	1	1	1	1	1	1	1	1	0.00754056876597461	0.68291390317051	1	1	1	1	1	1
IFNA10	1	1	1	1	1	0.3582712391854	1	1	1	1	1	1	1	0.000223053202175717	1	1	1	1	1	1	1	1
IFNG	1	1	1	6.59340341266011e-08	1	1	0.568993939787779	1	1	1	1	1	1	1	1	1	1	1	1	1	1	1
IGHD	1.48050833618384e-07	0.848698599154741	0.401976102009889	1	1	1	1	1	1	1	1	1	1	1	1	1	1	1	1	1	1	1
IGHE	4.54742303831039e-10	1	0.465959049614589	1	1	1	1	1	1	1	1	1	1	1	1	1	1	1	1	1	1	1
IGHM	1	1	3.53203981274857e-10	1	1	1	0.568993939787779	1	0.281997620592889	1	1	1	1	1	1	1	1	1	1	1	1	1
IGKC	1	1	4.80187064891944e-13	0.137179499880098	1	1	1	1	1	1	1	1	1	1	1	1	1	1	1	1	1	1
IGLL3P	1	1	6.71924776147363e-11	1	1	9.2156629675516e-05	1	1	1	0.706598407913063	1	1	1	1	1	1	1	1	1	1	0.000581647481977367	1
IGSF6	1	1	1	2.93897378618578e-06	1	0.627705212043908	1	1	1	0.822843143899568	1	1	0.0951460934063075	0.00207444049974791	0.261105332742894	0.0137942307609956	0.957206722101666	1	1	1	1	1
IL12B	0.377821561617342	0.393869391066136	1	1	1	0.0205399214598496	0.70603106758281	1	0.589378464722533	1	1	1	1	1	0.283017889885271	1	1	1	1	1	1	1
IL12RB2	1	1	1	0.30663224730534	1.01444075750847e-06	0.250166360994721	1	1	1	1	1	1	1	0.0605265960959477	1	0.0982665650347334	1	1	0.260403787475972	1	1	1
IL17A	1	1	1	1	1	0.411766510284019	1	1	1	1	1	1	0.841034740160005	0.911121160433258	1	1	1	6.79337104893776e-09	1	1	1	1
IL18R1	0.185583448878805	1	1	1	0.000564680444404071	0.133968509959616	1	1	1	0.0293712599867132	1	0.650965909379387	1	1	1	1	1	1	1	1.05527954917076e-06	1	0.0514097889480969
IL18RAP	0.520437823914868	1	1	0.641712042157094	1	1	0.197883015981664	1	1	1	1	1	1	1	1	1	1	1	1	0.00954405269354802	1	0.00774020089785663
IL1A	1	1	1	1	1	0.525946094658455	1	1	1	1	1	1	1	0.0411768001358908	1	1	1	1	1	1	1	1
IL1B	1	1	1	1	1	1	1	1	1	1	1	1	1	0.189482020452336	1	1	1	1	1	0.0187895162625437	1	1
IL1RL1	1	1	1	1	1	0.000512920270600285	1	1	1	1	1	1	1	1	1	1	1	1	1	1	1	0.0943674819474128
IL21	0.170371488889706	1	1	0.0249119388848305	1	1	0.800424229381872	1	1	1	1	1	1	1	1	1	1	1	1	1	1	1
IL26	1	1	1	1	1	0.47987956035689	1	1	1	1	1	1	1	0.790730987384583	1	1	1	1	1	1	1	1
IL2RA	0.423912521826816	0.378828565136778	1	0.0963235998895036	1	0.50120291093773	1	1	1	1	1	1	0.012306497218624	0.576529206474291	1	0.110552963556304	1	1	1	1	1	1
IL2RB	1	1	1	1.69958326099998e-10	1	0.433744051267796	1	1	0.6404355574995	1	1	1	1	0.730940811757277	1	1	1	1	1	1	1	1
IL3	1	1	1	1	1	1	0.19472586763619	1	1	1	1	1	1	1	1	1	1	1	1	1	1	1
IL4	0.531406333754697	1	1	1	0.979166492107223	0.163597892439454	1	1	1	1	1	1	1	0.746528918453665	1	0.0128527432110031	1	1	0.254860135966143	1	1	1
IL4R	0.00252384433420458	1	1	1	0.482575680741948	0.0241225590549176	1	1	1	1	1	1	1	1.49009855180091e-06	1	0.0986910219862825	0.957206722101666	0.776995084310125	1	0.210025065732802	1	0.25205504613692
IL5	1	1	1	1	0.0211708987247158	0.321782771776167	1	1	1	1	0.0964465220610179	1	0.934086913349009	0.686726976749247	1	0.437211062098071	1	1	1	1	1	1
IL5RA	0.986286654498588	1	1	1	1	0.40589481421909	1	1	1	1	1	1	1	0.181464881887049	1	1	1	1	1	1	1	1
IL7	0.499727386133978	0.617787693752282	1	1	1	1.64794660558561e-06	0.959013161451814	1	1	1	1	1	1	1	0.113212468811002	0.964735679462365	1	1	1	1	1	1
IL7R	2.71323035166326e-06	8.28450571028157e-05	1	1	1	0.0110214801249101	0.93845759893728	1	0.933842754825589	1	1	1	1	1	1	1	1	1	1	1	1	1
IL9	1	1	1	1	1	1	1	1	1	1	1	1	1	1	1	0.774095233461567	1	1	1	1	1	1
IRF8	2.07851007109407e-09	0.000386113942099405	1	0.0536304581061579	1	0.730341952331132	1	1	0.485694947272648	1	1	1	0.965116787815739	1	1	1	1	1	1	1	1	1
ITK	0.000637985970304052	0.0760944546798244	1	1.45900384765577e-05	1	0.816488936347562	1	1	1	1	1	1	1	1	1	1	1	1	1	1	1	1
KCNA3	0.00202302764460894	0.237926731759132	1	0.0125144189319417	1	0.799181029859024	1	1	1	1	1	1	1	0.17993176887846	1	1	1	1	1	1	1	1
KCNG2	1	1	0.683628067411663	1	0.0227958446560987	4.94482378449181e-05	1	1	1	1	1	1	1	1	1	1	1	1	0.0139695279168594	1	1	1
KIAA0226L	0.677219324999417	1	1	1	1	1	1	1	1	1	1	1	0.865992509152054	5.80699925245762e-06	1	0.0250054760052549	1	1	1	1	1	1
KIR2DL1	1	1	1	1	1	1	1	1	1	1	1	8.12080210216469e-06	1	1	1	1	1	1	1	1	1	1
KIR2DL4	1	1	1	7.90923794685692e-06	1	1	0.593659434629477	1	1	1	1	1	1	1	1	1	1	1	1	1	1	1
KIR2DS4	1	1	1	1	1	1	1	1	1	1	1	3.65113505571702e-09	1	0.970247653469283	1	1	1	1	1	1	1	1
KIR3DL2	1	1	1	0.0111052352336361	1	1	1	1	1	1	1	0.0196963452877818	1	0.714952847839796	1	1	1	1	1	1	1	1
KIRREL	1	0.592672389009562	1	1	1	0.242679138849723	1	1	1	1	1	1	0.0871546287837747	2.38430751302029e-05	1	6.11037060393097e-06	1	1	0.207362594886684	1	1	1
KLRB1	0.000399923651688168	0.0157101642902345	1	0.208878289210227	1	0.00048205523361254	0.568993939787779	1	0.0036769752440895	1	1	1	1	1	1	1	1	1	1	1	1	1
KLRC3	0.921436369442481	1	1	1	1	0.0618657094634183	1	1	1	1	8.23403720464847e-07	1	1	0.689864075961592	1	1	1	1	1	1	1	1
KLRC4	1	1	1	1	1	0.69961569177458	1	1	1	1	0.0409453773219305	1	1	1	1	1	1	1	1	1	1	1
KLRD1	1	1	1	1.16926202702265e-08	1	1	0.493961848786465	1	1	1	1	1	1	1	1	1	1	1	1	1	1	1
KLRF1	0.648983582401103	0.0918669804385773	1	1	1	0.425202075566856	1	1	1	1	0.886083501768281	1	1	0.659902976446305	0.41414051560341	0.344458681013543	1	1	1	1	1	1
KLRG1	0.00527017562848708	1	1	0.759049918767251	1	0.0464075783172976	1	1	1	1	1	1	1	0.00662186289510097	1	0.322718325592637	1	1	1	1	1	1
KLRK1	1	1	1	0.104985075764333	1	1	1	1	1	1	1.05562692149014e-07	1	1	1	1	1	1	1	1	1	1	1
KRT18P50	1	1	1	1	1	1	1	1	1	1	1	1	1	0.354030626969675	1	1	1	1	1	1	1	1
KYNU	1	1	1	1	1	0.0129813242365665	1	1	1	1	1	1	1	0.820305872135573	1	1	1	0.0908708266378925	1	0.0108093791831249	1	0.0443064137101119
LAG3	1	1	1	1.74488391386924e-09	1	1	1	1	1	1	1	1	1	1	1	1	1	1	1	1	1	1
LAIR2	1	1	1	1	1	1	1	1	0.469592315037429	1	1	1	1	0.14235817211351	1	1	1	1	1	1	1	1
LAMP3	0.185583448878805	1	1	1	1	0.203807807298676	1	1	0.489011098444989	1	1	1	1	0.0222629498639423	0.622904373326402	1	1	0.0208198167737533	0.191748891849824	1	1	1
LAT	0.198677650883705	0.00362710756558021	1	1	1	1	1	0.642562057537612	1	1	0.985006173234085	1	1	0.0607878363265574	1	0.131850257742159	1	1	0.741069112420783	1	1	1
LCK	0.000781827589747278	0.117463049662733	1	3.59200120602772e-08	1	1	1	1	0.485694947272648	1	1	1	1	1	1	1	1	1	1	1	1	1
LEF1	1	1	1	1	1	1	1	1	1	1	1	1	1	6.98097927721369e-10	1	0.0636239286033366	0.616482065757233	1	0.152182475068758	1	1	1
LHCGR	1	1	1	1	1	1	1	1	1	1	1	1	1	1	1	1	1	1	0.0789039077536445	1	1	1
LILRA2	1	1	1	0.00451264749498774	1	1	1	1	1	1	1	1	3.04586420454217e-09	0.0214473412535047	1	0.0986952678019717	1	1	1	0.220931676527866	1	1
LILRA4	1.33161138875886e-05	0.117463049662733	1	1	1	1	1	1	0.465111155447641	1	1	1	1	1	1	1	1	1	1	1	1	1
LILRB2	1	1	1	0.00600828310215318	1	1	0.108049641243485	1	1	1	1	1	0.0038446745135621	0.0495637046537241	0.430388450010775	0.45629508868233	1	1	1	1	1	1
LIME1	0.881596824465097	1	1	1	1	1	1	1	1	1	0.219709353229876	1	1	0.0673874072445891	1	0.000804904358490073	1	1	0.380551893726475	1	1	1
LINC00921	0.833525719986045	0.770311555978732	1	1	0.140659391149901	0.0291919714121992	1	1	1	1	0.347879108808551	1	0.904773391071298	0.0735419427747351	1	4.51948414160753e-05	1	1	0.419949429613344	1	1	1
LRMP	9.57206432014498e-12	7.98857279478524e-05	1	1	1	1	1	1	1	1	1	1	1	1	1	1	1	1	1	1	1	1
LST1	1	1	1	0.00171420106356708	1	1	0.94800652213328	1	1	1	1	0.618707867800697	1.47287842165034e-08	0.00213804268244676	1	0.757548983891493	1	1	1	0.932460768751573	1	1
LTA	2.39635963633755e-07	0.000242749939224851	1	0.0435220642533966	1	1	1	1	0.0589156172725832	1	1	1	1	1	1	1	1	1	1	1	1	1
LTB	1.45069184668454e-09	7.99284827665362e-05	1	1	1	1	1	1	0.0657870709778015	1	1	1	1	1	1	1	1	1	1	1	1	1
LTC4S	1	1	1	1	1	1	1	1	1	1	1	0.459519512470847	1	0.0818476345531913	1	1	1	1	0.380551893726475	1	1	1
LY86	0.0413070059020155	0.0808371661717951	1	0.0236208261618259	1	1	1	1	0.338790304123883	1	1	1	1.81836906678623e-06	0.380609270855736	1	0.000406257561106641	1	1	1	1	1	1
LY9	1.66967460586377e-07	0.000753963215673353	1	0.00464658629979108	1	1	1	1	0.152524357624033	1	1	1	1	1	1	1	1	1	1	1	1	1
MAGEA11	0.0104965863502486	1	1	1	1	0.207247144539488	1	1	1	1	1	1	1	0.535820186268465	1	1	1	1	1	1	1	1
MAK	1	1	1	1	1	0.000380458157679226	1	1	1	1	0.342785650877281	1	0.502413683624425	0.166469204503617	1	0.163107701720376	1	1	1	1	1	1
MAN1A1	0.759476132562272	1	1	1	1	0.0585587058887466	1	1	1	1	1	1	1	0.0620481146357392	1	0.000262840700545735	1	1	1	1	1	1
MANEA	1	1	1	1	1	0.000133796781914841	1	1	1	1	1	1	1	0.000891566526213767	0.0471808162774014	0.0232680186667878	1	1	1	1	1	1
MAP3K13	0.791668681576608	1	1	1	1	0.00367155889405707	1	1	1	1	1	1	0.441933965867019	6.92457759770503e-09	1	0.0837469843193495	1	1	0.0123765870868643	1	1	1
MAP4K1	0.000440731808403561	0.00249217574561604	1	0.000434620520060473	1	1	1	1	1	1	1	1	1	0.00384628525861848	1	1	1	1	1	1	1	1
MAP4K2	0.0163552526636055	1	1	1	1	1	1	1	1	1	1	1	0.928530140758142	3.2269422270399e-14	1	2.5180323734299e-06	1	1	0.240585028504212	1	1	1
MAP9	1	1	1	1	1	0.0507039777594775	1	1	1	1	1	1	0.443231122361867	3.36856731072413e-06	1	0.224425400724056	1	1	1	1	1	1
MARCH3	1	0.336636719340365	1	1	1	0.798427033652795	1	1	1	1	0.720000258635842	1	0.904773391071298	0.0160791145702104	0.116247977604677	0.0990646270386506	1	1	0.00337554259732427	1	1	1
MARCO	1	1	1	0.482316470233869	1	1	1	1	1	1	1	1	0.0443425397255523	0.124543178437254	1	1	1	1	1	1	1	1
MAST1	0.44244296866405	1	1	1	1	1	1	1	1	1	1	1	1	3.74813150240352e-07	1	0.499768139844102	1	1	1	0.0306887295285388	1	1
MBL2	1	1	1	1	1	1	1	1	1	1	1	1	1	0.0141958735298494	1	1	1	1	1	1	1	1
MEFV	1	1	1	0.183071542473888	1	1	0.744535975792801	1	1	1	1	1	1	0.0387359109124221	1	0.067672380916064	1	0.518577743228959	1	0.325860236438421	1	0.0943674819474128
MEP1A	1	1	1	1	1	1	0.0015257282352915	1	1	1	1	1	1	1	1	2.08984052778338e-19	1	1	1	1	1	1
MGAM	0.791668681576608	1	1	1	1	1	1	1	1	1	1	1	1	1	1	1	1	1	1	1	1	1
MICAL3	1	1	1	1	0.717378022502167	0.0195298406820923	1	1	1	1	1	1	1	6.87277577574492e-07	1	0.00513451821499354	1	1	0.0337236523884247	1	1	1
MMP12	1	1	1	1	1	1	1	1	1	1	1	1	1	0.0124276730838729	1	1	0.498232700271693	1	1	1	1	1
MMP25	0.00354663019523845	1	1	0.562778861162371	1	1	1	1	1	1	1	1	1	0.150859898377523	1	1	1	1	1	0.104100857964683	1	1
MMP9	1	1	1	1	1	1	1	1	1	1	1	1	1	3.3242254774857e-09	1	1	1	1	1	1	1	1
MNDA	1	1	1	0.41674474320133	1	0.0542350569578436	1	1	1	1	1	1	0.00115793113724116	0.0893260295857214	0.00337782263157617	0.352097195383364	1	1	1	1	1	1
MROH7	1	1	1	1	1	0.664009513480289	1	1	1	1	0.0985943424201748	1	0.899767001567769	0.561953558514857	1	1	1	1	0.272260315057903	1	1	1
MS4A1	1.94465384462749e-10	2.88172751455662e-05	1	1	1	1	1	1	1	1	1	1	1	1	1	1	1	1	1	1	1	1
MS4A2	1	1	1	1	1	0.533653335315783	1	1	1	1	1	1	1	0.063017570085622	1	1	0.83421680285704	1	0.0827208378470521	1	1	1
MS4A3	1	1	1	1	1	0.0536147851325812	1	1	1	1	0.987319680882772	1	1	1	1	1	1	1	0.443942637460259	1	1	1
MS4A6A	1	1	1	0.000553068639582173	1	0.195405722787905	1	1	1	1	1	1	0.000276883664482246	0.911687531465642	0.255422547420188	0.00027147399081362	1	1	1	1	1	1
MSC	1	1	1	1	1	1	1	1	1	1	1	1	1	0.0141958735298494	1	0.348630704822042	1	1	0.28719866456441	1	1	1
MXD1	1	1	1	1	0.538470966706383	0.00135155786338683	1	1	1	1	1	1	1	1.18054168326308e-05	1	0.00256361756158554	1	9.86712179753011e-05	0.484216641477921	0.0156624753669355	1	1
MYB	1	1	1	1	0.717378022502167	0.014857076087105	1	1	1	1	1	1	1	0.00266287642572173	1	1	1	0.315942021130215	0.207362594886684	1	1	1
MZB1	0.844229945818724	1	6.32628243431288e-08	0.0759694852572217	1	1	0.89823864767451	1	0.790974755136713	1	1	1	1	1	1	1	1	1	1	1	1	1
NAALADL1	1	1	1	1	1	1	1	1	1	1	1	1	1	2.78800918209347e-05	1	0.698846253995469	1	1	1	1	1	1
NCF2	1	1	1	0.000731338238697593	1	0.861019122267323	1	1	1	1	1	1	0.000686722965318401	5.00640817749447e-08	1	0.0688319374422273	0.498232700271693	1	1	0.529154483557666	1	1
NCR3	3.89378433705963e-06	0.000123292816598855	1	1	1	1	1	1	0.158687660215383	1	1	1	1	1	1	1	1	1	1	1	1	1
NFE2	1	1	1	1	1	1	1	1	1	1	1	1	0.590164070715827	3.91462407506e-07	1	1	1	1	1	1	1	1
NIPSNAP3B	0.275197415436708	1	1	1	1	0.0119607936389299	1	1	1	1	1	1	0.495489348501543	0.0185798452849766	1	0.136953899658079	1	1	0.191748891849824	1	1	1
NKG7	1	1	1	1.11712595039211e-10	1	1	1	1	1	1	1	1	1	1	1	1	1	1	1	1	1	1
NLRP3	1	1	1	1	1	0.025687996922327	0.593659434629477	1	1	1	1	1	0.154585055428436	0.000826191542009147	1	0.0358730520145567	1	1	1	1	0.000581647481977367	1
NMBR	1	1	1	1	1	0.00163430892918645	1	1	1	1	0.705317988001557	1	0.934086913349009	0.0783837289295067	1	1	1	1	1	1	1	1
NME8	1	0.81112664371008	1	1	1	1	1	1	1	1	1	1	1	1	0.0054602230201517	1	1	1	1	1	1	1
NOD2	1	1	1	0.520138083758064	1	0.000585739350948322	1	1	1	1	1	1	1	0.00420597298124662	0.386707576685948	1	0.498232700271693	0.015889845817845	1	1	1	1
NOX3	1	1	1	1	1	0.478500559628887	1	1	1	1	1	1	0.715036405881976	1	1	1	1	1	1	1	1	1
NPAS1	1	0.343866591278689	1	1	1	1	1	1	1	1	1	1	1	4.6281953537307e-18	1	1	1	1	1	1.20297099747815e-07	1	1
NPIPB15	1	0.739914903050618	1	1	0.229919392327476	1	1	1	1	1	1	1	1	0.174793559492042	0.871320612159593	0.00216353723107477	1	1	1	0.72547908675539	1	1
NPL	1	1	1	1	1	1	1	1	1	1	1	1	1	7.05459672716595e-06	1	4.51948414160753e-05	1	1	0.142609932457731	1	1	1
NR4A3	1	1	1	1	1	1	1	1	1	1	1	1	1	0.0306935708180451	1	0.940638321094501	1	1	1	1	0.00264679578712638	1
NTN3	1	1	1	1	1	1	1	1	1	1	1	1	1	0.000684842500594984	1	0.00217872107371585	1	1	1	1	1	1
NTRK1	1	1	1	1	1	0.349846290803242	1	1	1	1	1	1	1	1	1	1	1	1	1	1	1	1
ORC1	0.908480538298443	1	1	1	0.00720526195554114	0.044603101151479	1	1	1	1	1	1	1	3.92788410476074e-10	1	0.017629467778146	1	1	0.390982954606055	1	1	1
OSM	1	1	1	1	1	0.565818067683324	1	1	1	1	1	1	0.00112538242778802	0.00361943594308469	1	0.0457943309271587	1	1	1	0.335875037617508	1	0.359321682449796
P2RX1	0.000781827589747278	0.623461984434305	0.0113638391953823	0.079324342078531	1	0.353544713207907	0.579145492055035	1	0.933842754825589	1	1	1	0.943488892949135	0.00639919050641824	1	1	1	1	1	1	1	1
P2RX5	6.47386442725677e-09	0.0398208836564593	1	1	0.51772942916853	1	1	1	1	1	1	1	1	0.296021487760736	1	1	1	1	1	1	1	1
P2RY10	1.34601112065389e-05	0.000362439680621223	1	0.00143281351892838	1	1	1	1	1	1	1	1	1	1	1	1	1	1	1	1	1	1
P2RY13	0.146774509550836	0.0125172948288166	1	0.00916381114386482	1	0.353544713207907	1	1	0.691635803646013	1	1	1	0.234604943375551	1	0.255422547420188	1	1	0.518577743228959	1	1	1	1
P2RY14	1.13844018424538e-05	0.202718412920693	1	0.688315028933547	1	0.0308959889994831	1	1	1	1	1	1	0.926606842276493	0.0529568870987693	0.261105332742894	0.369020466104914	1	1	1	1	1	1
P2RY2	1	1	1	1	1	1	1	1	1	1	1	1	1	0.0105281847139194	1	1	0.308223928601792	0.0688891710763452	0.588418317654472	1	1	1
PADI4	0.986286654498588	1	1	1	1	1	1	1	1	1	1	1	1	0.650211690936923	1	1	1	1	1	1	1	1
PAQR5	1	1	1	1	1	0.0362897273001158	1	1	1	1	1	1	1	0.0145398375999002	1	1	1	1	1	0.0143165977244456	1	0.245978375802703
PASK	0.00818633473147727	1	1	1	0.0136733262549077	0.0211740828344023	1	1	1	1	1	1	1	3.12693251533605e-07	1	0.00912809166423259	1	1	0.0793453123741856	1	1	1
PAX7	1	1	1	1	1.15632009263717e-11	1	1	1	1	1	1	1	1	0.716867018474708	1	1	1	1	0.310776977382697	1	1	1
PBXIP1	0.417188890140335	1	1	1	1	0.292030729820149	1	1	1	1	0.219709353229876	1	0.934086913349009	2.01889981810653e-05	1	6.1017776878646e-06	0.208903049776368	0.776638317956577	0.0748400449768359	1	1	1
PCDHA5	1	1	1	1	4.63832962433304e-14	1	1	1	1	1	1	1	1	1	1	1	1	1	1	1	1	1
PDCD1	1	1	1	7.38240358172549e-12	1	1	1	1	1	1	1	1	1	1	1	1	1	1	1	1	1	1
PDCD1LG2	1	1	1	0.16131692765	1	0.049852940040007	1	1	1	1	1	1	1	1	1	1	1	1	1	1	1	1
PDE6C	0.531406333754697	1	1	1	1	0.0191384473905433	1	1	1	1	1	1	1	0.429675406316528	1	0.0101912989162603	1	1	0.220928399917396	1	1	1
PDK1	1	1	1	1	1	0.0216703028266518	1	1	1	1	1	1	1	5.79640026499659e-09	1	0.974010966116352	1	1	0.54603688126225	1	1	1
PGLYRP1	0.250444853235624	1	1	1	1	1	1	1	1	1	1	1	1	0.428185916008617	1	0.00158573903074556	1	1	1	0.322738503825916	0.158295549764859	0.833038749763829
PIK3IP1	0.0219407411989594	0.173014781258303	1	0.853889224805374	0.182433871280327	0.188692774475146	1	1	0.567148894389388	1	1	1	1	0.391665514308095	1	0.000222690127318534	1	0.377768633862688	0.0337236523884247	1	1	1
PKD2L2	0.558669100345827	1	1	1	1	1	1	1	1	1	7.65951581662655e-05	1	0.0200456539662472	0.0218857829800902	1	0.193356259046363	1	1	1	1	1	1
PLA1A	1	1	1	0.432943571941338	1	1	1	1	1	1	1	1	1	0.00211307520257654	1	1	1	1	1	1	0.56982472394833	4.40816496171824e-07
PLA2G7	1	1	1	1	1	1	1	1	1	1	1	1	1	0.0108044847694022	1	0.0141074143986464	1	1	1	1	1	1
PLCH2	1	1	1	1	1	1	1	1	1	1	1	1	1	0.046696594370968	1	1	0.957206722101666	0.290874674859294	0.637908135463718	1	1	1
PLEKHF1	1	1	1	1	0.261548330267975	0.763217639354668	0.568993939787779	1	1	1	1	0.00969831426047028	1	2.18219660111722e-10	1	0.00088731422409409	0.498232700271693	1	0.0829358412716954	1	1	1
PLEKHG3	1	1	1	1	0.289937973121306	0.299776408441895	1	0.569097981428092	1	1	1	1	0.568142588799682	0.000421720816094078	1	0.00126691993301724	1	1	0.00960755267045152	1	1	1
PMCH	1	0.000166382360594316	1	0.691225696724272	1	1	1	1	1	1	1	1	1	0.219244872469174	0.0500974651354657	1	1	1	1	0.899987106129033	1	1
PNOC	1.22330124294838e-07	0.678514783721474	0.000110260893771735	1	1	1	0.568993939787779	1	1	1	1	1	1	0.816660385920051	1	1	1	1	1	1	1	1
PPBP	1	1	1	1	1	1	1	1	1	1	1	1	0.312477909531758	0.849730052209988	1	1	1	1	1	5.35525298885208e-13	1	1
PPFIBP1	1	1	1	1	1	0.0284534766557006	1	1	1	1	1	1	1	3.86573580699613e-08	1	6.1017776878646e-06	1	1	1	0.269926756108907	1	1
PRF1	1	1	1	8.15507625580467e-09	1	1	1	1	1	1	1	1	1	1	1	1	1	1	1	1	1	1
PRG2	1	1	1	1	1	1	1	1	1	1	0.705317988001557	1	1	0.166406153519877	1	0.0964915663257577	0.0642460499838541	1	0.720969325661351	1	1	1
PRR5L	0.0615431184190485	1	1	0.339428177381833	1	0.0106334897644476	1	1	1	1	1	1	0.904773391071298	0.00517676121417469	1	0.0331891594244086	1	1	1	0.899987106129033	1	1
PSG2	1	0.792504301421188	1	1	1	1	1	1	1	1	1	1	1	1	1	1	1	1	1	1	1	1
PTGDR	0.386449223138907	0.770311555978732	1	0.150938059249964	1	0.00135155786338683	1	1	0.53558545025414	1	1	1	1	0.0475341136427833	0.353504283528206	0.608964182016859	1	1	1	0.301532849323468	1	1
PTGER2	0.696737724599499	1	1	0.390791259010049	1	0.000129596879995072	1	1	1	1	1	1	1	0.118573454794566	1	1	1	1	1	1	1	1
PTGIR	0.881596824465097	1	1	1	1	0.0362714895729399	1	1	1	1	1	1	1	9.43261274349005e-05	1	0.388754564730695	1	1	1	1	1	1
PTPRCAP	1	1	1	1	1	1	1	1	1	1	1	1	1	1	1	1	1	1	1	1	1	1
PTPRG	1	1	1	1	0.577893837059765	0.025687996922327	1	1	1	1	0.239828776402104	1	0.942932174662989	0.0871815487954127	1	0.0107244854321088	1	1	0.124950999678216	1	1	1
PVRIG	0.00477771545642653	1	1	1	1	0.0119607936389299	1	1	1	1	1	1	1	0.00384628525861848	1	0.233649832599939	1	1	1	1	1	1
QPCT	0.620044963878494	1	1	1	1	1	1	1	1	1	1	1	1	0.00327171773717275	1	0.0236220212322587	1	1	1	1	1	1
RAB27B	1	1	1	1	1	0.452188182041226	1	1	1	1	1	1	1	0.000250441702719623	1	1	1	1	1	1	1	1
RALGPS2	1	1	1	1	0.527656792695584	0.000723521806004934	1	1	1	1	0.239828776402104	1	1	0.0653773868142079	1	0.00725599590087033	1	1	0.164174555195262	1	1	1
RASA3	1	1	1	1	1	0.175053637915203	1	1	1	1	1	1	1	4.91800704640977e-07	1	8.16399182370489e-07	1	1	0.0942614285143237	1	1	1
RASGRP2	8.60793229094037e-12	0.000123292816598855	1	1	1	1	1	1	1	1	1	1	1	1	1	1	1	1	1	1	1	1
RASGRP3	1	1	1	1	1	0.0228095714349659	1	1	1	0.751826297426504	1	1	0.942932174662989	1	1	1	1	1	1	1	1	1
RASSF4	1	0.958857404800319	1	0.15165849876281	1	0.163597892439454	1	1	1	1	1	1	0.0951460934063075	0.0141958735298494	0.00671921277478499	0.00482124459530785	1	1	1	1	1	1
RCAN3	1	1	1	1	0.000155695524478806	0.0937513397725258	1	1	1	1	1	1	1	0.0305491554157136	1	0.0375037095834797	1	1	0.661618610084425	1	1	1
REN	1	1	1	1	1	1	1	1	1	1	1	1	1	0.334075014528109	1	1	1	1	1	1	1	1
RENBP	1	1	1	1	1	1	1	1	1	1	1	1	1	0.000155498463073741	1	1.63398239383722e-05	1	1	0.20009082718512	1	1	1
REPS2	0.511133545887895	1	1	1	1	1	1	1	1	1	1	1	1	0.000189223982411804	1	0.00158573903074556	0.615251176021889	1	0.124950999678216	1	1	1
RGS1	1	0.770311555978732	1	1	1	1	1	1	1	1	0.744608695124949	1	1	0.674681375423904	1	0.0737160660156919	0.0581891490568647	1	1	1	0.583144466669167	1
RGS13	0.48866187218215	1	1	1	1	1	1	1	1	1	0.886083501768281	1	0.904773391071298	1	1	1	1	1	1	1	1	1
RNASE2	1	1	1	0.784684173826505	1	1	1	1	1	1	1	1	2.56497266436495e-09	0.02582626511024	1	0.1925201882148	1	1	1	1	1	1
RNASE6	0.316739925316008	1	1	0.0713545475776487	1	0.744889408235542	1	1	1	1	0.705317988001557	1	0.00154870972940972	0.080837398325432	0.48249581901506	0.00138853447865959	1	1	1	1	1	1
RPL10L	1	1	1	1	1	1	1	1	1	1	1	1	0.275279634935859	0.145311255476293	1	0.805659928102902	1	1	1	1	1	1
RPL3P7	1	1	1	1	1	0.238954711239175	1	1	1	1	1	1	1	0.0136018595644033	1	0.0206755424526594	1	1	0.237898043465061	0.825326438709703	1	1
RRP12	0.202244215166763	1	1	1	0.725035146358818	0.123176789361033	1	1	1	1	1	1	0.899767001567769	1.54575445637606e-12	1	0.0392388339682924	1	1	0.161459299491618	1	1	1
RRP9	0.646144116916269	1	1	1	0.483010157927328	0.627705212043908	1	1	1	1	1	1	0.841034740160005	3.81541745243604e-14	1	7.89924713155898e-05	1	1	0.124950999678216	1	1	1
RSAD2	1	1	1	1	1	1	1	1	1	1	1	1	1	0.391665514308095	4.96866689451339e-06	1	1	1	1	1	1	1
RYR1	1	1	1	1	1.15632009263717e-11	0.929450901403742	1	1	1	1	1	1	1	0.0736887211689486	1	0.0249241528133195	1	1	0.708028972785841	1	1	1
S100A12	1	1	1	1	1	1	1	1	1	1	1	1	1	0.0653485962430723	1	1	1	1	1	1	1	1
S1PR5	1	1	1	1	1	0.919412278518133	1	1	1	1	1	1	1	0.0492060889163695	1	1	1	0.0908708266378925	0.142609932457731	1	1	1
SAMSN1	1	0.453200643358511	1	9.69342176303015e-05	1	0.0185308299875086	0.800424229381872	1	1	1	1	1	0.194210294595165	0.697713096372917	0.663084492240116	0.963477598719137	1	1	1	1	1	1
SCN9A	1	1	1	1	1	0.025687996922327	1	1	1	1	1	1	0.34018822542661	0.184526857576617	1	1	1	1	1	1	1	1
SEC31B	1	0.637636318272891	1	1	1	1	1	1	1	1	0.239828776402104	1	1	1	1	3.07028326629554e-05	1	1	0.345174416856085	1	1	1
SELL	6.94319589852555e-10	0.000143738263076877	1	1	1	1	1	1	0.0735603660387762	1	1	1	1	1	1	1	1	1	1	1	1	1
SEPT5	1	1	1	1	0.0136733262549077	1	1	1	1	1	1	1	1	9.17494819099359e-08	1	0.00199192725456785	1	1	0.523059556852921	1	1	1
SEPT8	1	1	1	1	1	0.0110807528260411	1	1	1	1	1	1	1	5.92038577399912e-06	1	3.64716974804353e-07	1	1	0.132180537108241	1	1	1
SERGEF	1	1	1	1	0.51772942916853	0.247419474610466	1	1	1	1	1	1	0.489623587946846	2.0954427228989e-14	1	0.0174604393570904	1	1	0.118292630553727	1	1	1
SH2D1A	0.134851971129349	0.263389526780419	1	4.1413339496399e-08	1	1	1	1	1	1	1	1	1	1	1	1	1	1	1	1	1	1
SIGLEC1	1	1	1	1.45900384765577e-05	1	1	1	1	1	1	1	1	0.458323353518385	0.459625176293849	1	5.01713727741231e-06	1	1	1	1	1	1
SIK1	1	1	1	1	1	1	1	1	1	1	1	1	1	0.112523800832532	1	0.863952928390455	1	1	1	0.233774521739746	0.750985915412009	1
SIRPG	0.341087938814952	0.977428233009348	1	6.25608079851362e-12	1	1	1	1	1	1	1	1	1	1	1	1	1	1	1	1	1	1
SIT1	0.000788970480299064	0.0359701548537538	1	1.62929114688081e-07	1	1	1	1	0.682818241197685	1	1	1	1	1	1	1	1	1	1	1	1	1
SKA1	0.868028428549824	1	1	1	0.0809430804297993	0.143997261755132	1	1	1	1	1	1	1	1.09165711343487e-08	0.863077359584414	0.0337046750403419	1	1	1	1	1	1
SKAP1	1	1	1	1	1	1	1	1	1	1	1	1	1	0.00984251885195377	0.863077359584414	1	1	1	1	1	1	1
SLAMF1	1	1	1	1	1	1	1	1	1	1	1	1	1	0.816201398559317	0.412360938705318	1	1	1	1	1	1	1
SLAMF8	1	1	1	3.22844786871709e-08	1	1	1	1	1	1	1	1	0.56653526584965	8.81276829339183e-05	0.863077359584414	1	1	1	1	1	1	1
SLC12A1	0.170371488889706	1	1	1	1	1	1	1	1	1	1	1	1	0.0129008679479986	1	0.000193344913469425	1	1	1	1	1	1
SLC12A8	1	1	1	1	1	0.0199554086589948	1	1	1	1	1	1	1	4.8833762126145e-06	1	1	1	1	1	1	1	1
SLC15A3	1	1	1	0.0124906918812299	1	1	1	1	1	1	1	1	0.672275251926362	0.0636161064813837	1	0.00672435436255144	1	1	1	1	1	1
SLC2A6	1	1	1	1	0.958542826540557	1	1	1	0.947088960083865	1	1	0.523137379446586	1	5.39849033297237e-05	1	0.491878676727133	1	1	1	1	1	0.0729958871763961
SLC7A10	1	1	1	1	1	1	1	1	1	1	1	1	1	0.167734370546281	1	1	1	1	1	1	1	1
SLCO5A1	1	1	1	1	1	1	1	1	1	1	1	1	1	0.000309883541478618	1	1	0.83421680285704	1	1	1	1	1
SMPD3	1	1	1	1	1	1	1	1	1	1	1	1	1	0.00114099357928206	1	1	0.507957257603172	1	0.502950935366226	1	1	1
SMPDL3B	1	1	1	1	1	1	1	1	1	1	1	1	1	0.00441752227502494	1	1	1	1	1	1	1	1
SOCS1	0.386449223138907	1	1	0.173582272259659	1	0.353544713207907	0.0397184113403923	1	1	1	1	0.0555598683678727	1	0.172924866817676	1	1	1	1	1	1	1	1
SP140	2.69545773370401e-09	6.18839522637834e-05	1	0.000830834928545579	1	1	1	1	1	1	1	1	1	1	1	1	1	1	1	1	1	1
SPAG4	1	0.462093416383326	1	1	1	0.878284517261262	1	1	1	1	0.0985943424201748	1	0.202017754299176	6.98772241429659e-12	1	1	1	1	1	1	1	1
SPIB	6.12041495513159e-10	0.000649293477306662	1	1	1	1	1	1	0.567148894389388	1	1	1	1	1	1	1	1	1	1	1	1	1
SPOCK2	2.83511011626984e-05	0.0177318976100218	1	5.57769162509436e-05	1	0.28098221341689	1	1	0.00161804207764936	1	1	1	1	1	1	1	1	1	1	1	1	1
SSX1	1	1	1	1	1	1	1	1	1	1	1	1	1	0.525108208166064	1	0.59628755135742	1	1	0.00128551177591637	1	1	1
ST3GAL6	1	1	1	1	1	0.426714733686085	1	1	1	1	0.239828776402104	1	1	0.0446857645584041	0.234533281113449	0.0657293838852663	1	1	0.207362594886684	1	1	1
ST6GALNAC4	0.531406333754697	1	1	1	0.509174342332462	0.573650380225036	1	1	1	1	1	1	0.489623587946846	2.90313507326912e-15	1	0.250825007971442	1	1	0.693158804744612	1	1	0.634639234827276
ST8SIA1	1	1	1	1	1	1	1	1	1	1	0.790073207176295	1	1	0.00882884253886342	1	5.24661299139152e-05	0.616482065757233	1	0.54603688126225	1	0.656832813586271	1
STAP1	1.12382771522519e-14	2.15824061171425e-05	1	1	1	1	1	1	1	1	1	1	1	1	1	1	1	1	1	1	1	1
STEAP4	8.81684699766205e-06	1	1	1	1	0.405552341456849	1	1	1	1	1	1	1	1	1	1	1	1	1	0.54794572151747	1	1
STXBP6	1	1	1	1	1	0.587572802447226	1	1	1	1	1	1	1	0.153417890146431	1	4.51948414160753e-05	1	1	0.0662875583082261	1	1	1
TARDBPP1	1	1	1	1	1	0.763217639354668	1	1	1	1	1	1	1	0.0169356299655638	1	1	1	1	1	1	1	1
TBX21	1	1	1	1.74488391386924e-09	1	1	0.800424229381872	1	1	1	1	1	1	1	1	1	1	1	1	1	1	1
TCF7	0.00197692733290997	1	1	1	1	1	1	1	1	1	1	1	1	1.83325777973537e-05	1	0.280987188647308	1	1	1	1	1	1
TCL1A	2.715153626037e-18	0.0321807167991068	1	1	1	1	1	1	1	1	1	1	1	1	1	1	1	1	1	1	1	1
TEC	0.746186088347996	1	1	1	1	0.0748378023156862	1	1	1	1	1	1	0.57313396859382	0.000148787345456677	1	0.0785076415683291	1	1	0.0294671900646543	1	1	1
TEP1	0.884425922889683	1	1	1	0.415867378934033	0.00245099583670468	1	1	1	1	1	1	1	4.78433274128678e-08	0.976300281637673	5.33172486510187e-08	1	1	0.0748400449768359	1	1	1
TGM5	1	1	1	1	1	1	1	1	1	1	1	1	1	0.0173819089615129	1	1	0.957206722101666	1	1	1	1	1
TLR2	1	1	1	1	1	0.238317227001631	1	1	1	1	1	1	0.00326763355820141	9.40890286539116e-06	0.145316424061668	1	1	1	1	1	1	1
TLR7	1	0.350667408842068	1	0.19321629870764	1	0.151879797951562	1	1	0.785689063725556	1	1	1	0.00547509882956708	1	0.261105332742894	0.0457943309271587	1	1	1	1	1	1
TLR8	1	1	1	5.78380438896996e-05	1	0.775662943205384	1	1	1	1	1	1	0.0951460934063075	0.535615358777884	0.976300281637673	1	1	1	1	1	1	1
TMEM156	0.331740025360226	0.927528896237872	1	1	1	1	1	1	1	1	1	1	1	1	1	1	1	1	1	0.338123260680943	1	1
TMEM255A	1	1	1	1	1	1	1	1	1	1	1	1	1	0.163933220172085	1	0.250825007971442	0.930303032612213	1	1	1	1	1
TNFAIP6	1	1	1	1	1	0.279366560237041	1	1	1	1	1	1	1	0.00346730393806982	1	0.973890437816714	1	1	1	0.103938428847624	1	1
TNFRSF10C	1	1	1	1	1	1	1	1	1	1	1	1	0.99183361636676	1.04709925311884e-06	1	1	1	1	0.559358912893406	1	1	1
TNFRSF11A	1	1	1	1	0.657351904972654	0.587572802447226	1	1	1	1	1	1	1	0.00508690002809216	1	0.0216546970292377	1	1	0.662316273706632	1	1	1
TNFRSF13B	4.45626394026541e-10	1.0411600412963e-08	1	1	1	1	1	1	0.162061204492697	1	1	1	1	1	1	1	1	1	1	1	1	1
TNFRSF17	0.0185078422781766	0.0246833984237425	1.22515907405022e-06	0.21611816342375	1	1	1	1	1	1	1	1	1	1	1	1	1	1	1	1	1	1
TNFRSF4	0.422958520938741	1	1	1	1	1	1	1	1	1	1	1	1	5.56589866136968e-06	1	0.679300600818259	1	1	1	1	1	1
TNFSF14	0.177536716887959	0.0378096745172166	1	0.000856874963909973	1	0.143997261755132	1	1	0.155088060777725	1	1	1	1	0.298968031271725	0.663084492240116	1	1	1	1	0.298740925894825	1	1
TNIP3	1	1	1	0.647802717120256	1	1	0.800424229381872	1	1	1	1	1	1	1	1	1	1	1	1	0.651860425544577	1	1
TPSAB1	1	1	1	1	1	1	1	1	1	1	1	1	1	0.0435535586272914	1	1	0.616482065757233	0.36296265223796	0.0337236523884247	1	1	1
TRAC	0.112319444897275	0.359601656608268	1	4.28566642582717e-10	1	1	1	1	0.53558545025414	1	1	1	1	1	1	1	1	1	1	1	1	1
TRAF4	1	1	1	1	0.0584313785068137	0.530002676678359	1	0.642562057537612	1	1	1	1	0.841034740160005	9.40947155535546e-06	1	0.00138501462533091	1	1	0.169175833527275	1	1	1
TRAT1	0.00467962606022502	0.000277200141873182	1	3.4728154412368e-05	1	1	1	1	1	1	1	1	1	1	1	1	1	1	1	1	1	1
TRAV12.2	1	1	1	3.46132311340457e-09	1	1	1	1	0.738675168218938	1	1	1	1	1	1	1	1	1	1	1	1	1
TRAV13.1	0.339183681662268	0.927528896237872	1	2.22730496128449e-06	1	1	1	1	0.121235575972701	1	1	1	1	1	1	1	1	1	1	1	1	1
TRAV13.2	0.132714285081541	1	1	0.000105349144393407	1	1	1	1	1	1	1	1	1	1	1	1	1	1	1	1	1	1
TRAV21	0.833525719986045	0.739914903050618	1	2.79698562391397e-10	1	1	1	1	1	1	1	1	1	1	1	1	1	1	1	1	1	1
TRAV8.6	0.0889331355102317	0.186272807778943	1	3.16230318998799e-06	1	1	1	1	0.682818241197685	1	1	1	1	1	1	1	1	1	1	1	1	1
TRAV9.2	0.000781827589747278	0.0359398109774912	1	0.0154895302476815	1	1	1	1	0.0680932873509087	1	1	1	1	1	1	1	1	1	1	1	1	1
TRBC1	0.012456476048672	0.0167611370743146	1	2.50852750044883e-06	1	1	1	1	0.177248819752273	1	1	1	1	1	1	1	1	1	1	1	1	1
TRDC	1	1	1	1	1	1	1	1	0.589378464722533	0.00866641205597589	1	0.523137379446586	1	1	1	1	1	1	1	1	1	1
TREM1	1	1	1	1	1	1	1	1	1	1	1	1	1	0.00402493473049328	1	1	1	1	1	0.608261263496875	1	1
TREM2	1	1	1	0.65621972947064	1	1	1	1	1	1	1	1	6.56093706136544e-08	0.000548242965492154	1	0.0216653895160777	1	1	1	1	1	1
TREML2	1.12382771522519e-14	0.0184633827546291	1	1	1	1	1	1	1	1	1	1	1	1	1	1	1	1	1	1	1	1
TRIB2	0.888530297263533	1	1	1	0.916008038070974	0.161214219460293	1	1	1	1	0.98852359819619	1	0.478388387627106	2.7874486702181e-06	1	0.000171123071307477	1	1	0.0337236523884247	1	1	1
TRPM4	1	1	1	1	0.00384272612262478	1	1	1	1	1	1	1	1	3.96529650365671e-11	1	0.00684107455236201	1	1	0.169175833527275	1	1	1
TRPM6	1	1	1	1	1	0.0516107114533166	1	1	1	1	1	1	1	0.0330591346949654	1	1	1	1	0.356208096070867	1	1	0.579705379561927
TSHR	1	1	1	1	1	1	1	1	1	1	1	1	1	1	1	1	1	1	1	1	1	1
TTC38	1	1	1	1	1	0.203807807298676	1	1	1	1	1	1	0.896056508977593	9.17187101824527e-17	1	1.16319780553012e-05	1	1	0.207362594886684	1	1	1
TXK	0.000781827589747278	0.455499332870334	1	1	1	0.00859021599332155	1	1	1	1	1	1	0.000448170963352277	0.816201398559317	0.871320612159593	0.726658023494554	1	1	1	1	1	1
TYR	1	1	1	1	1	1	1	1	1	1	0.705317988001557	1	1	0.0199706392802262	1	9.07590867453404e-09	0.616482065757233	1	0.214462393496951	1	1	1
UBASH3A	0.0631560193761507	0.0826682192535446	1	3.68028772552553e-10	1	1	1	1	0.523488112031897	1	1	1	1	1	1	1	1	1	1	1	1	1
UGT1A8	0.993605164207617	1	1	1	1	0.20128698125852	1	1	1	1	1	1	1	1	1	1	1	1	0.162591772000788	1	1	1
UGT2B17	4.45626394026541e-10	0.0873948093160825	1	1	1	1	1	1	1	1	1	1	1	1	1	1	1	1	1	1	1	1
UPK3A	0.0376648073227313	0.663155416400582	1	0.768133954575537	1	1	1	1	1	1	1	1	0.0951460934063075	0.14929362749863	1	0.940638321094501	1	1	1	1	1	1
VILL	1	1	1	1	0.0070714044568558	0.334135958281128	1	1	1	1	1	1	1	3.15079358944025e-07	1	0.00159009556025895	1	1	0.000589559713507089	1	1	1
VNN1	1	8.40937776793392e-05	1	1	1	7.26354961334931e-05	1	1	1	1	1	1	0.41664286035453	0.361914652115713	1	0.206592044949704	1	1	1	1	1	1
VNN2	0.00423688506641982	0.163544655759078	1	5.57769162509436e-05	1	0.00454708755374017	1	1	1	1	1	1	0.0343754548324779	1	1	1	1	1	1	1	0.0928603545403012	1
VNN3	1	1	1	1	1	0.825557421536949	1	1	1	1	1	1	1	0.312416395262175	1	1	1	1	1	1	1	0.245978375802703
VPREB3	1.41384825103597e-13	4.62874503703473e-05	1	1	1	1	1	1	1	1	1	1	1	1	1	1	1	1	1	1	1	1
WNT5B	1	1	1	1	0.657351904972654	0.23900067757686	1	1	1	1	1	1	1	0.968081456053377	1	0.0290573256312771	1	1	1	1	1	1
WNT7A	1	1	1	1	1	1	1	1	1	1	1	1	1	1	1	1	1	2.45055318732301e-05	0.140021077017197	1	1	1
ZAP70	0.000179342443372145	0.6007105602605	1	0.0512887601280331	1	1	1	1	1	1	1	1	1	1	1	1	1	1	1	1	1	1
ZBP1	0.12409897251805	0.0555064011179416	1	1.97154768588472e-05	1	1	0.700990929642146	1	1	1	1	1	1	1	1	1	1	1	1	1	1	1
ZBTB10	1	1	1	1	0.371351524365637	0.000286370904413157	1	1	1	1	1	1	1	0.14235817211351	1	1.53907152135682e-06	1	1	1	1	1	1
ZBTB32	0.000176791778900499	0.00825528371469685	1	0.013237467434708	1	1	0.326008397765988	1	0.971265259049685	1	1	1	1	0.272630323523718	1	1	1	1	1	0.0376313746590852	1	1
ZFP36L2	1	1	1	1	0.0376817688340517	9.2156629675516e-05	1	1	1	1	1	1	1	1.1774046047613e-05	1	0.00684107455236201	1	0.0583754255779428	0.157875699350543	1	1	1
ZNF135	1	1	1	1	1	0.0028435261220162	1	1	1	1	0.362073590351947	1	1	0.152075938712929	1	0.509098823453021	1	1	1	1	1	1
ZNF165	1	1	1	1	1	4.21440049502482e-05	1	0.642562057537612	1	1	1	1	0.477351052732082	6.11583356275216e-06	1	0.595199193799333	0.957206722101666	1	0.266655969694049	1	1	1
ZNF204P	0.881596824465097	1	1	1	1	0.1643558397961	1	1	1	1	1	1	0.387901097911894	0.0322671493661418	1	1	1	1	1	1	1	1
ZNF222	1	1	1	1	0.857681790019075	9.2156629675516e-05	1	1	1	1	1	1	1	0.000972471503780057	1	0.00568398092823347	1	1	0.0789039077536445	1	1	1
ZNF286A	0.338457244428292	1	1	1	1	0.00483203721494598	1	1	1	1	1	1	1	0.000152560417279165	1	0.00164405011641577	1	1	0.00887339994447849	1	1	1
ZNF324	1	1	1	1	1	0.0607301261817162	1	1	1	1	1	1	0.490661632011155	3.96070333130686e-13	1	0.000617780862530229	1	1	0.0337236523884247	1	1	1
ZNF442	0.868028428549824	1	1	1	0.00135172197156245	0.0191384473905433	1	1	1	1	1	1	1	0.0605265960959477	1	0.000223194097240902	1	1	0.207362594886684	1	1	1
