Mixture	B.cells	CD4.T.mem.cells	CD4.T.reg.cells	CD8_B.cells	CD8_G.cells	Dendritic.cells	Monocytes.Macrophages	NK1.cells	NK2.cells	NK3.cells	Plasma.cells	P-value	Correlation	RMSE
TCGA.D3.A8GB.06A	0.0489206373079794	0	0.0632630522957986	0	0.0381604637171337	0.0629061612025414	0.261602142652643	0.066063805405617	0.0553712434165991	0.124859853066841	0.278852640934847	0	0.518133737873536	0.854683387803945
TCGA.WE.A8ZN.06A	0	0	0.0732065757378561	0.0997023923237011	0.0694401721424476	0.0866671376600433	0.282275988566571	0.201082530314231	0.0125295663164601	0	0.17509563693869	0	0.368429673409031	0.931192274646023
TCGA.ER.A2NF.01A	0	0	0.0333877057006417	0.0807178381448409	0.0327312932936143	0.0573149300359226	0.243480148782656	0	0	0.0867548987115023	0.465613185330822	0	0.562147597676727	0.835611520885356
TCGA.HR.A2OH.06A	0	0	0.051712573501192	0.185223518186338	0.0960389725731011	0.033576449430406	0.326923935098768	0	0	0.128400245704815	0.17812430550538	0	0.47006750897937	0.881833770625243
TCGA.WE.A8K6.06A	0	0.0128822369119948	0.04549046751322	0	0.00211033128113031	0.072718387115839	0.469513565722284	0.0552288242807399	0.0382865817628209	0.0408139752880262	0.262955630123945	0	0.447328875048111	0.896838313219807
TCGA.RP.A695.06A	0	0.0142597036703318	0.0236888251520117	0.215135276234372	0.00597402008425289	0.0748689314462962	0.242890732166868	0.098519220247738	0	0	0.32466329099813	0	0.634478112655346	0.776754541189282
TCGA.D9.A3Z1.06A	0.00212181214094305	0	0.0142250785975014	0.146584752805321	0.0481860978521946	0.040212537571997	0.32074927211497	0.152536394569467	0	0.0163597623231965	0.25902429202441	0	0.481643283619837	0.875830387899219
TCGA.GF.A6C8.06A	0	0	0.0205598667546818	0.077373545098974	0.00580684485589976	0.0792971608104145	0.279338075393165	0.305561270791065	0.0375810259634881	0	0.194482210332312	0	0.657287563165551	0.778045488443056
TCGA.D3.A1Q6.06A	0	0.01938802970913	0.0223631185072014	0.0762832096420938	0.0311246891093959	0.0729075632609106	0.319404279696073	0.220810089961673	0	0	0.237719020113523	0	0.545626405920762	0.839726953829342
TCGA.ER.A195.06A	0	0	0.0675536356321968	0.213460275740158	0.0187507121423764	0.0429670619693063	0.399533888485044	0.0663076467528674	0.0378593421059793	0	0.153567437172072	0	0.54138577438858	0.844720545885059
TCGA.ER.A2NG.06A	0	0	0.0358837400511654	0.16956394494128	0.118934130751515	0.044771537455495	0.379238961785513	0.0642480364851535	0.0558252920984822	0.0192825816363605	0.112251774795036	0	0.623604848342736	0.800357338981564
TCGA.EB.A4IQ.01A	0	0.0206113674679972	0.0456586834096339	0.176245272337169	0	0.0962615540899859	0.209838038521572	0.234885977585837	0.0440401841058379	0	0.172458922481967	0	0.0730150170315781	1.06485922860924
TCGA.EB.A3Y6.01A	0	0.032374993520952	0.0109562712148495	0.143961457057981	0	0.09961948532047	0.300074846888906	0.238328326503147	0.0558883788164898	0	0.118796240677205	0	0.454188558124616	0.890461719226173
TCGA.FR.A726.01A	0	0.0314203183602766	0.00214247176117476	0.178169941311826	0	0.034124136752362	0.3240552262264	0.350631051180268	0	0	0.0794568544076927	0	0.410954326108604	0.913920908428907
TCGA.XV.AAZY.01A	0	0	0.049827952220726	0.0559922165317342	0.0470331974963311	0.0839985975100647	0.272981572817439	0.212161800700174	0.0397229396358446	0	0.238281723087687	0	0.520027822232149	0.854892213847583
TCGA.FS.A1ZS.06A	0	0.0716034692736503	0	0.0486954126579087	0.016962652788694	0.0819663538658492	0.436039276336848	0.192183756373092	0	0.00611849467439941	0.146430584029559	0	0.372797354871454	0.93034096430041
TCGA.ER.A2ND.06A	0	0	0.0225265337870528	0.0442224501351578	0.0259372729133759	0.0954519001015107	0.313247237064638	0.264077517723213	0	0	0.234537088275051	0	0.643988123045246	0.781411265375054
TCGA.DA.A1I5.06A	0.00202834575277543	0	0.0574998559164124	0.0703530742974345	0.0414344752722718	0.0741859257470215	0.395986781262481	0.147503388796962	0.031766505207368	0.00770572762285498	0.171535920124418	0	0.464511590017121	0.884992278388002
TCGA.BF.AAP6.01A	0	0.0131894786585993	0.0337223995953337	0.108586444321759	0	0.0719052393472875	0.206796136678359	0.42658725178285	0.0524522602447444	0	0.0867607893710668	0	0.527182415533198	0.851328941075865
TCGA.EE.A180.06A	0	0.0566057092156293	0.0110902439910536	0.214795248690238	0	0.0859336247481925	0.224389242502065	0.30856541013354	0.0130496130023237	0	0.0855709077169566	0	0.432501010137867	0.90122261421945
TCGA.EB.A5VV.06A	0.293706819506007	0.0634224386636434	0.0370996707464161	0	0.0462155252050294	0.0652250406548454	0.131422753738155	0	0	0.23731245443266	0.125595297053243	0	0.571503096553417	0.822290057816583
TCGA.BF.AAOU.01A	0	0.00797300877969814	0	0.0307176764577071	0	0.056197637907349	0.217974876548764	0.214750900939592	0	0	0.47238589936689	0	0.528985912072163	0.865775185155619
TCGA.EB.A431.01A	0	0.0388329671453733	0	0.153535515141755	0	0.0409812173808399	0.159292577957821	0.412759442070361	0.00461634211727549	0	0.189981938186574	0	0.585576214582758	0.813017471409747
TCGA.EB.A24D.01A	0	0.0136279267786968	0	0.0959072753617112	0.00159867999750895	0.039913687207138	0.157932525845144	0.258409919036307	0.00451919409441145	0	0.428090791679083	0	0.539821956737245	0.849551813656683
TCGA.RP.A690.06A	0	0.0224746436547604	0.0583535200983289	0	0.0384189545127833	0.076333896668915	0.534769062585372	0.0130401806470653	0.0508240799437291	0.0615298026589196	0.144255859230126	0	0.290174807856592	0.974054624197489
TCGA.FR.A7U8.06A	0	0.0415241684101806	0.00292667420755092	0.23998069092236	0	0.0502754797669133	0.251415676654444	0.30098619238753	0.021414495247324	0	0.0914766224036973	0	0.542211287553687	0.841793384849077
TCGA.ER.A19A.06A	0	0	0.0577415097274258	0.0117554530060476	0.0719294741723035	0.0518070390029651	0.587453093757731	0	0.0299345385887702	0.146009194054619	0.0433696976901377	0	0.662092651699867	0.767976347895821
TCGA.DA.A1I0.06A	0	0	0.0989839832252018	0.0818290805752875	0.00461155737905587	0.067986445941722	0.29077143044823	0.0825482746181857	0.0240109981023127	0	0.349258229710005	0	0.654469499706977	0.760995538197095
TCGA.EE.A2A2.06A	0.0299666191271969	0.0218581418310349	0	0.193852869869136	0	0.0359206194839652	0.170458291071407	0.33767624170822	0.00353485510384453	0	0.206732361805195	0	0.492527044211532	0.86965504776348
TCGA.DA.A1HV.06A	0	0	0.0340261729596542	0.129452911347296	0.0373545718144495	0.0423551789598154	0.352915870230434	0.0672383416601992	0	0.0324197447067033	0.304237208321449	0	0.579160137643751	0.815749003519754
TCGA.ER.A19D.06A	0	0	0	0.0214722680217764	0.078743566225682	0.0483806926916824	0.398210990349992	0.245575590671941	0	0.0304279561407119	0.177188935898214	0	0.46037434185371	0.886902650675812
TCGA.EE.A29S.06A	0	0.0110248705896622	0.00471026603775321	0.196963418046126	0.0201551282767755	0.0428270025604258	0.358492774142756	0.187335687181298	0	0	0.178490853165203	0	0.642389518259193	0.783048843668756
TCGA.W3.AA1V.06B	0	0.0101816676873249	0	0.159421647589517	0	0.0222560992166723	0.352089404578281	0.367301552635442	0.0141895980351495	0	0.0745600302576141	0	0.572526076229696	0.822703372603055
TCGA.EE.A29N.06A	0.0159295892721652	0	0.0249430668659858	0.0928083726591008	0.0661959233982749	0.0717527632211151	0.304446709014608	0.234160437666724	0	0.0109506003689627	0.178812537533063	0	0.644216754170207	0.789421873425511
TCGA.D3.A51R.06A	0	0.0162325067406965	0	0.200028462863305	0	0.0553071013673312	0.10485991326836	0.573868121490773	0	0	0.0497038942695342	0	0.596248933842781	0.802332269606104
TCGA.YG.AA3P.06A	0	0	0.0193871326186147	0.163437381571483	0.00397125265863619	0.0834383946493524	0.238665710081717	0.35248836256075	0.00606656488104574	0	0.132545200978401	0	0.480534937073149	0.876241233460961
TCGA.D3.A2JG.06A	0	0.0418777110836598	0.0226182549756542	0.160720548893264	0	0.0796072648425208	0.255382287335171	0.0811815948827445	0.0103101035646563	0	0.348302234422329	0	0.533039102671239	0.845919845172959
TCGA.W3.A825.06A	0	0	0.0133852815582579	0.0583470400549488	0.0612211735356434	0.0881388924835174	0.375817509536108	0.20220371173618	0	0.0633477806898951	0.137538610405449	0	0.534577997966659	0.850438947318581
TCGA.EE.A29V.06A	0	0.0244495841041162	0	0.180063310251692	0	0.0255965465363772	0.19115181746965	0.35345655250102	0	0	0.225282189137145	0	0.519644551038422	0.853614568848257
TCGA.ER.A19S.06A	0.000843400973065081	0	0.0366273877565759	0.116238673238379	0.13740713659864	0.0299940377310412	0.241085329810844	0	0	0.169076352049075	0.26872768184238	0	0.44121958535987	0.90029056577935
TCGA.EE.A2GE.06A	0	0	0.0443945049230249	0.0448047161070343	0.0904856638196079	0.0306118022506452	0.379418314493002	0	0	0.102217535141507	0.308067463265179	0	0.45899511326565	0.891373419714567
TCGA.EE.A2GD.06A	0	0.0164949688692266	0.0241958828186229	0	0	0.0544633889831565	0.507171448644107	0	0.0592277115207589	0.0615132934975051	0.276933305666623	0	0.51177454598209	0.859193583575555
TCGA.BF.A3DJ.01A	0	0	0.0198439460920518	0.0644666795668931	0.00961406071816699	0.0401094953625232	0.521870909997955	0.0687585406264719	0.03741671282028	0	0.237919654815658	0	0.466477595302995	0.886213556533712
TCGA.Z2.AA3V.06A	0.00720367899046978	0	0.0773579471465202	0	0.0713561021482441	0.0544038245507571	0.399079911060958	0.0673472796676351	0.0459474250183545	0.0816954353293803	0.195608396087681	0	0.458279772553392	0.887983957455604
TCGA.DA.A1IB.06A	0.129420164256132	0.0118619470322361	0.0637374047802374	0.0303407730129694	0.0760929554025399	0.0719934035485827	0.247783025682523	0.0315744087615542	0	0.103918543938727	0.233277373584498	0	0.491733661106408	0.870036620811338
TCGA.D3.A2J7.06A	0	0.00130622467911384	0	0.0566137805905466	0.0666094491217043	0.0455660118304306	0.216592844209656	0.115961091166938	0	0.0243474700540988	0.473003128347511	0	0.646475851341036	0.763882814741487
TCGA.W3.A824.06A	0	0	0.0423468095448624	0.224978481558246	0.0996266980137989	0.0369101397653416	0.302220851777631	0.0708376802868033	0.0171258420500626	0	0.205953497003254	0	0.658306895929334	0.774471357986504
TCGA.D3.A1Q8.06A	0	0.00864116918130671	0.0184941565065614	0.0158641092589894	0.0410450871492795	0.0418422149758423	0.429913262185354	0.127468300518152	0	0	0.316731700224515	0	0.510784438754042	0.860563998762283
TCGA.EE.A2M8.06A	0.0284391819020698	0	0.0506206462450047	0.0599316026157606	0.109458755737033	0.044873662689113	0.347748499084185	0	0	0.216376003521875	0.142551648204959	0	0.441750194917719	0.896345762301765
TCGA.GN.A26C.01A	0	0	0.0353103121513549	0.0785535757134369	0.120711307951061	0.0347732208159284	0.3929130726183	0.0608036707476469	0	0.0443976016449446	0.232537238357328	0	0.45302329449366	0.891367294203351
TCGA.EE.A2MR.06A	0.11902537896345	0.0569773377860174	0	0.0952590987731819	0.0502769689302805	0.052631492556891	0.294670073937674	0.0995533565959661	0	0.108375495953293	0.123230796503245	0	0.547500077888979	0.847354531106027
TCGA.D3.A3C7.06A	0	0	0.0442507681166376	0	0.0817372056834816	0.0324471003447755	0.426843064512068	0.0430989301957031	0.00469205907275729	0.0777105468103615	0.289220325264215	0	0.568240519107785	0.822861849705427
TCGA.EE.A29C.06A	0	0.0014113098834334	0	0.11833467335563	0	0.0550715964104101	0.246655583015698	0.37793954135347	0.000528786370588058	0	0.200058509610771	0	0.633246803463324	0.784912774779328
TCGA.ER.A3ES.06A	0	0.0638258545391945	0.00950672142064632	0.277353191365481	0	0.069639558508597	0.169223138921075	0.246671529783151	0.043610262651796	0	0.12016974281006	0	0.283657642247244	0.977161156366933
TCGA.ER.A19N.06A	0.0125427662075773	0	0.00841744764718181	0.110375758109219	0.0439416422973868	0.0630612162734636	0.490187785841214	0	0	0.0998049234879452	0.171668460136012	0	0.390498068042962	0.923644772104964
TCGA.FS.A1ZM.06A	0	0	0.0430521256204943	0.122406639998342	0.0637508741026819	0.0478671227294139	0.498554580942155	0.0067180016956444	0.00145066738680836	0.0839771138329885	0.132222873691473	0	0.617114685537848	0.800557443954167
TCGA.Z2.A8RT.06A	0.0320050611348562	0	0.02324505472257	0.136658647816453	0.0320488734534926	0.0738352065029005	0.296755919689162	0.215567035055684	0	0	0.189884201624882	0	0.623357438459482	0.799232264379481
TCGA.FS.A1ZG.06A	0	0.0119394103180268	0.0346715232596698	0.139317146263285	0.00417576778624658	0.0726126681904933	0.267542772805502	0.211863791038967	0	0	0.25787692033781	0	0.438324108234043	0.900000960088182
TCGA.ER.A42H.01A	0	0.048464379664212	0.0170938740223248	0.190930796422406	0	0.112198169354361	0.226298150599891	0.271432774220631	0	0	0.133581855716175	0	0.585843811368202	0.82153093140107
TCGA.D3.A51K.06A	0	0	0.049566375024676	0.140188809984603	0.00969311763092777	0.0532525127294058	0.169152930776043	0.186838794932917	0.0462669860766662	0	0.345040472844762	0	0.491517209522226	0.873314297484206
TCGA.D3.A3C1.06A	0	0	0.0382475781626921	0	0	0.0754899261814989	0.286460166053826	0.0650598590593942	0.134003307424638	0.111254254759745	0.289484908358206	0	0.309065311086173	0.971149049521016
TCGA.WE.A8JZ.06A	0	0.0308429932577546	0	0.122635514875083	0.00556296528002502	0.0515672884474919	0.250737401348576	0.261277073361332	0.0041781216946716	0	0.273198641735067	0	0.610501108909596	0.796743544393268
TCGA.FS.A1YW.06A	0.00642756811280837	0.0298604991983649	0.0163918212655934	0.010420286624298	0.0253008411732006	0.0702976400341771	0.37183602655273	0.0601149496426393	0.0131266419217493	0.020323915098318	0.375899810376121	0	0.506308553752681	0.867526837099705
TCGA.EE.A3AF.06A	0	0	0.0150487062667363	0.203477231768824	0.011477113163084	0.0672582421375439	0.419130947796418	0.137542706289125	0	0	0.146065052578269	0	0.58449626093532	0.818857025778011
TCGA.DA.A95Z.06A	0	0.00692628228048213	0.00303912124304985	0.155020564116036	0	0.0737621272362475	0.28028027486963	0.364661251815451	0.0430100918742617	0	0.0733002865648414	0	0.385551902449976	0.925166896755519
TCGA.GF.A4EO.06A	0	0	0.0378139971852536	0.030525891484323	0.0928654549708364	0.032290202089843	0.289400655314232	0.0201199502302071	0	0.106367594093391	0.390616254631914	0	0.475843657143856	0.888659552510697
TCGA.EB.A4OZ.01A	0	0	0.0346406145072234	0.0671885367205288	0.0191639465281505	0.121913029529572	0.265533140690408	0.0661925040315171	0.174590395708424	0.0595122179266634	0.191265614357513	0	0.193939775020467	1.01122330147808
TCGA.D3.A51N.06A	0	0	0.0483367633000129	0.031704430811851	0	0.0374266169388357	0.376754612763402	0.00457615548648065	0.0418823603011724	0.0640203118521676	0.395298748546078	0	0.525784378748232	0.855325954724616
TCGA.EB.A5UN.06A	0	0.0358000032808724	0	0.114880526023707	0	0.0814367747278555	0.323451189223381	0.174060178188189	0.0510544476971645	0	0.219316880858831	0	0.500749523999901	0.865446331404263
TCGA.EB.A551.01A	0	0	0.0684692981490458	0.0793231952976556	0.130204720217156	0.0598827597578873	0.249107910223173	0.0317279297833713	0	0.0872726583864382	0.294011528185273	0	0.47098664413739	0.882734582009128
TCGA.EE.A2GL.06A	0.192083582683633	0.0499506303932288	0.0371988167405035	0.0727409056555847	0.0853317002166598	0.125416473229562	0.177777879029324	0.0938714594526811	0	0	0.165628552598822	0	0.651964437203213	0.782255469548977
TCGA.GN.A4U7.06A	0	0.0277913517992225	0	0.143210571806804	0	0.0389852432540807	0.123173940221947	0.493155533115089	0	0	0.173683359802857	0	0.585839326599009	0.811214890875031
TCGA.EE.A2MF.06A	0	0.00602098719280976	0	0.0298390298940766	0.0285240270360343	0.0905362674959804	0.297524208499838	0.320864769299815	0	0	0.226690710581446	0	0.636786143605225	0.785808303554205
TCGA.FR.A3R1.01A	0	0	0.016602121432229	0.229256230730788	0.00356912324665999	0.0231239871630862	0.194373741769592	0.226992942852576	0.0266812941225205	0	0.279400558682548	0	0.472394805119471	0.883334467985674
TCGA.WE.A8ZY.06A	0	0.0152353976346251	0	0.140996192747827	0.00118427040754537	0.0188649724974068	0.254914273801615	0.396788410355392	0	0	0.172016482555589	0	0.565966968298669	0.825806103852839
TCGA.XV.AAZW.01A	0	0.0490364080243775	0	0.171108885829263	0	0.103052024255137	0.24005275466862	0.314698937686315	0.0355220768746202	0	0.0865289126616689	0	0.11486802508672	1.04561076600914
TCGA.EB.A4XL.01A	0	0.0040091183605463	0.0228199156448401	0.120395532478428	0.00335263157309793	0.0932182497730846	0.298926647943108	0.13335049587132	0.0546359332383497	0.00309728285928247	0.266194192257943	0	0.279825027593458	0.982938538276294
TCGA.W3.AA1O.06A	0	0.022857327379992	0	0.146553507041668	0	0.019737917263964	0.207844137421728	0.519031869198018	0	0	0.0839752416946307	0	0.587944436872598	0.810005331424652
TCGA.GN.A4U5.01A	0	0	0.0903223264074809	0.153409054873495	0.0680966020016529	0.08774907937771	0.349713480109496	0.00759724923754129	0.0623412871022494	0.110106648048134	0.0706642728422408	0	0.228107448682509	0.9923400503109
TCGA.EE.A2A5.06A	0	0.0287005264048209	0	0.180374351596239	0	0.0695947418656097	0.250033717547402	0.358989456537745	0	0	0.112307206048184	0	0.47867883042535	0.877184683184706
TCGA.FR.A2OS.01A	0	0.0596878983182556	0	0.184535963856237	0	0.0295197921227604	0.301494846709542	0.3593887001148	0	0	0.0653727988784049	0	0.48972990881614	0.871070421484788
TCGA.EB.A6QY.01A	0	0	0.0210355938244024	0.152922022181049	0.0128479485773174	0.0639461040055136	0.208304869902181	0.306097612278177	0.00451046826863041	0	0.230335380962729	0	0.156452637094188	1.04502806721302
TCGA.D9.A4Z5.01A	0	0.0546345916770681	0	0	0.034955903242663	0.0645580573085506	0.643286974661463	0	0	0.105505279686916	0.097059193423339	0	0.264005682955653	0.997282119367614
TCGA.W3.A828.06A	0	0.0096401832725451	0.0162809649778042	0.029933563680664	0.00250851630077606	0.0688185927088354	0.566156650481034	0.121604611713998	0.0212436589314806	0.0146494741462089	0.149163783786654	0	0.524397122184483	0.850939593557034
TCGA.LH.A9QB.06A	0	0.0515556397617234	0.0112112833443752	0.166536783386841	0	0.0721206683593724	0.279925255011177	0.190627711630921	0.10018824466307	0	0.12783441384252	0	0.260270200873778	0.979611068204551
TCGA.EB.A5VU.01A	0	0	0.00520314639690976	0.122744960097567	0.0271116422125455	0.0504149621907001	0.271923488114921	0.404167557669931	0	0	0.118434243317425	0	0.287854072522118	0.975695102298043
TCGA.GN.A268.06A	0	0.0337607178846023	0	0.243366408124747	0	0.0368805770200806	0.166570133727071	0.443211052105031	0	0	0.0762111111384678	0	0.659770243952837	0.760324303906104
TCGA.ER.A199.06A	0.0946981616711211	0	0.0263572641779967	0.089428077776543	0.0451938301486437	0.0739524112909944	0.256770644723306	0.0826569974972978	0	0.141202451119672	0.189740161594426	0	0.540568854107787	0.846737884323886
TCGA.EE.A3AC.06A	0	0.0292931943445433	0	0.197596527352766	0	0.0642778593209738	0.343051352808869	0.194179672033376	0	0	0.171601394139472	0	0.580909831725208	0.820982600411997
TCGA.RP.A6K9.06A	0	0.00177825034701343	0.0282485243716478	0.0860117645745741	0.026084221102629	0.0904619505281991	0.339125072502764	0	0	0.138854915552842	0.289435301020331	0	0.587203354824005	0.811837985028303
TCGA.D3.A8GQ.06A	0	0	0	0.0355262760489184	0.0204837058332348	0.0507323354855516	0.230226573072224	0.334355578633734	0	0	0.328675530926337	0	0.530435995293872	0.847629724141934
TCGA.W3.AA21.06A	0	0.0212774291309699	0.00861301776528585	0.0661236985181733	0	0.0976363497391788	0.205413659835299	0.328480148927218	0.0265519872549289	0	0.245903708828946	0	0.590701710292381	0.812096772249503
TCGA.BF.A1PU.01A	0	0.0229073752018909	0.0167795783447849	0.171618967813968	0	0.0991328154627789	0.197878380545074	0.339581223226675	0.0123343503319293	0	0.139767309072899	0	0.395027133320889	0.920413648304813
TCGA.ER.A196.01A	0	0.0177234891120675	0.0391142460825092	0.0326737434180741	0.0054129034979405	0.0444200998418893	0.306496991511574	0.139845347563752	0.0295418016500438	0	0.38477137732215	0	0.226601039368	1.04312606606308
TCGA.W3.AA1R.06A	0	0	0.0327342532485593	0.106718823125395	0	0.0507611612758236	0.202175056475665	0.414096586038952	0.0165230962940922	0	0.176991023541514	0	0.482256479773632	0.875246409161301
TCGA.FS.A1ZN.01A	0	0.0400079857025629	0	0.147703252916419	0	0.0696607209969645	0.209604694876849	0.141177242393264	0	0	0.391846103113941	0	0.219326666380323	1.05121439018784
TCGA.GN.A4U8.06A	0.0367978997452839	0	0.00714246890011631	0.111305707197124	0.047326283540977	0.0708380916042889	0.274968419986004	0.16675833285633	0	0.0804362956339895	0.204426500535886	0	0.464898853911922	0.884620796485523
TCGA.EE.A2GU.06A	0	0	0.0427995373470676	0.222555776203394	0.0942173609282514	0.0561985825668794	0.240252051887284	0.139668443500448	0	0.00955480341160661	0.19475344415507	0	0.526303794921811	0.851395642221107
TCGA.BF.AAP1.01A	0	0	0.0232110253102846	0	0.00367846908949451	0.104654537598951	0.271505015336524	0.390400950532124	0	0	0.206550002132622	0	0.577520850196721	0.822389462586438
TCGA.DA.A1I2.06A	0	0.0367041230614884	0.0179990116192237	0.122374108476777	0	0.0847771888986627	0.248643558303676	0.185564447181644	0.0522116516931464	0	0.251725910765383	0	0.337664453215222	0.951430599583321
TCGA.FR.A8YE.06A	0.125642243503481	0.100690710041406	0.0562373555952675	0	0.0509620449651515	0.0839612746588046	0.314911162594112	0.0302172692768054	0.00272051107894457	0.0764005079515816	0.158256920334445	0	0.505935135373683	0.864514447042333
TCGA.FS.A1ZB.06A	0	0.0185253527731508	0.0279544422490643	0.136017656133983	0	0.0453952460674808	0.482124125625552	0.209061965722585	0.019836789342824	0	0.0610844220853606	0	0.616074411282638	0.799901442882924
TCGA.BF.A5ES.01A	0	0	0.0357595403774042	0.125998320253693	0.0117650883395218	0.0458847479854364	0.318072752192035	0.223870665778518	0.0301603945282152	0	0.208488490545177	0	0.592851887963512	0.813544246211283
TCGA.GN.A4U3.06A	0	0.0231117458317272	0.0279668169564723	0.149433866410687	0	0.0286403999119476	0.18796735265368	0.240876195623625	0.0229707769026483	0	0.319032845709213	0	0.518795841970227	0.85488042755356
TCGA.EB.A44R.06A	0	0	0.0351524396445831	0.218546166060865	0.059654173645775	0.0492017451497887	0.232296107751515	0.120684873646635	0	0.0176317702556732	0.266832723845165	0	0.49895117257532	0.865878572081854
TCGA.WE.A8ZQ.06A	0	0.0876921984566489	0	0.214534699647399	0	0.051406379585617	0.280625708890483	0.279168698032906	0	0	0.0865723153869462	0	0.331996667102613	0.95164264084598
TCGA.W3.AA1W.06A	0.0244332132166211	0	0.0669367147119159	0.0697623186597226	0.133317980384147	0.0552631108365253	0.340459316018186	0.0166785809732449	0	0.165497253853592	0.127651511346046	0	0.511096577750423	0.861483785779855
TCGA.GN.A8LK.06A	0	0	0.0516512833697423	0.194577906224961	0.0127746939724583	0.0618190070411643	0.132079004902161	0.469849926931283	0.010838546278134	0	0.0664096312800952	0	0.505071069116367	0.862489777649444
TCGA.ER.A19T.01A	0	0.0256577616159847	0.0151231804086144	0.20807787829401	0	0.0648356999051025	0.212292816140763	0.395643170847443	0	0	0.078369492788083	0	0.379405185475578	0.931440758072428
TCGA.EE.A29R.06A	0	0.0144839547824176	0.00628046634507831	0.071169672103442	0.0425971015707176	0.0992278559409492	0.259691654783685	0.321605714337012	0	0	0.184943580136698	0	0.413394172389765	0.910711018259512
TCGA.EE.A3JD.06A	0.147255106385926	0.0309786293893866	0	0.110100452740883	0.0569436286566764	0.0496447732485752	0.260490919310174	0.109657797159693	0	0.0790401939762144	0.155888499132472	0	0.504796549350463	0.865869883723392
TCGA.D3.A2JO.06A	0	0	0	0.0434519586449008	0.0849989764171519	0.0667472036158272	0.324566522352554	0.217594817198218	0.0191248216102284	0.0786008052085343	0.164914894952585	0	0.381811337267571	0.925324359481438
TCGA.ER.A19F.06A	0	0.00623196108448199	0	0.206980832571367	0	0.0265173357716155	0.269369404976154	0.289392780912532	0	0	0.20150768468385	0	0.626748633879095	0.787358951642152
TCGA.D3.A2JK.06A	0	0.0208918974400652	0.0307324254333343	0	0	0.0811114010083093	0.286934243521503	0.306141610166241	0.00717357786915346	0	0.267014844561393	0	0.55288954534246	0.834060055900345
TCGA.D3.A3C8.06A	0.0207554086631834	0	0.0475066144345914	0.163376149036788	0.151387848736045	0.0580940273796651	0.282395408191437	0.0537515259233955	0	0.133209786021515	0.0895232316133793	0	0.557148313751761	0.836654210505676
TCGA.EE.A2ML.06A	0	0	0.0372504077851193	0.0934976801514903	0.105781593228351	0.0682147140854423	0.310413595866884	0	0	0.0927934093458396	0.292048599536873	0	0.542056139824108	0.839899190454955
TCGA.ER.A2NH.06A	0	0	0.0641929619527988	0.160914565212604	0.0834053329799162	0.0372910261149279	0.35151016063663	0	0	0.105806403068194	0.19687955003493	0	0.523538103231796	0.853318163572903
TCGA.OD.A75X.06A	0	0.0314790755007657	0	0.219169599728527	0	0.0632336407828554	0.255551788464353	0.275667936860459	0	0	0.154897958663039	0	0.517176796628713	0.856084138294641
TCGA.EE.A2M5.06A	0	0	0	0.145959157440016	0.0384333634636808	0.0508161914241215	0.263222447880631	0.370994644777369	0.0119461276800361	0	0.118628067334146	0	0.423957407102306	0.906361395836675
TCGA.BF.A3DM.01A	0	0.00945406795407943	0.0150056822505533	0.142173169162369	0	0.0246708128483969	0.296063722421521	0.400755126272023	0	0	0.111877419091057	0	0.504083701258873	0.862920912019118
TCGA.EE.A3JA.06A	0	0	0.0115369346024748	0.109033583558668	0.0678979786752938	0.0324851862354014	0.391333120152497	0.107030013164185	0	0.0140832478353626	0.266599935776117	0	0.454878549613628	0.891788341575619
TCGA.EE.A3AA.06A	0.0905212771531388	0.00994301913640062	0.00537812859511218	0.128499175238436	0.00126355273524804	0.0520399841046549	0.263984839703026	0.19849493441225	0.0147488223241488	0	0.235126266597584	0	0.708336540926547	0.740018567963742
TCGA.D3.A8GN.06A	0	0	0.0352948217973833	0.0528270094889021	0.0740066676627462	0.0469625070091442	0.203220531102729	0.0500048330458966	0	0.059199625168745	0.478484004724454	0	0.504881708801665	0.884037447987903
TCGA.DA.A1HY.06A	0	0	0.0227181303749155	0.0459691403515491	0.013998574611128	0.0332377223249144	0.322088340606239	0.21771424680955	0	0	0.344273844921704	0	0.526802873131223	0.850555563235002
TCGA.FS.A1ZF.06A	0	0.010828807603494	0	0.160668127608616	0	0.0840222982901678	0.205035131117829	0.448758162051105	0.0139152287198051	0	0.076772244608983	0	0.500563151528877	0.864959724167436
TCGA.D3.A8GM.06A	0	0	0.0217427152350901	0.19312353297669	0.0129726813207346	0.0376600090406503	0.281587174573478	0.263806879037645	0	0	0.189107007815712	0	0.482131628394482	0.875303906568183
TCGA.GF.A769.01A	0	0.0410483274229301	0	0.119406846515997	0	0.0929686558936338	0.278892792811534	0.354177586791459	0	0	0.113505790564447	0	0.518774424290536	0.856900922611367
TCGA.EE.A2A0.06A	0	0.0296276746778308	0	0	0.030808696270548	0.0304799181132958	0.326182104338644	0.0926690597272261	0	0.174652527236921	0.315580019635535	0	0.441453335680574	0.901700463689108
TCGA.EB.A299.01A	0	0	0.0616521662767573	0.114514502524881	0	0.104310114072639	0.454464671822714	0.00917752025949464	0.0770427200156688	0.0735513321871199	0.105286972840725	0	0.166914424545319	1.01938549009091
TCGA.D3.A3CC.06A	0	0.0441736458639867	0	0.112759125379308	0	0.056831563695138	0.332431358242801	0.159584053922241	0	0	0.294220252896525	0	0.578914666053492	0.816177328546175
TCGA.EB.A57M.01A	0	0	0.0492624687201683	0.0218000683453714	0.0408640261950667	0.071884159142753	0.289968566270671	0.0727879005759269	0.0384718866945578	0	0.414960924055485	0	0.414651361337869	0.935194126737106
TCGA.EE.A2A6.06A	0.04320762338459	0	0.0363570693573127	0.206516326166229	0.0708645198636466	0.0503093994384833	0.210973961486536	0.132653729825565	0.024794680298108	0	0.22432269017953	0	0.528120437167577	0.850080196408993
TCGA.EB.A3HV.01A	0	0.067398988692728	0	0.0874353885618199	0	0.114387823576073	0.438330652684087	0.0777972674811727	0.062389349855654	0.0192300178096287	0.133030511338837	0	0.252981509809575	0.984271307969927
TCGA.D9.A6EC.06A	0	0.0330560408076879	0.011178387275946	0.106315579469803	0.000209997793598636	0.0971761323493226	0.326719652095996	0.279600975582546	0	0	0.1457432346251	0	0.503020545576595	0.86545190397119
TCGA.D9.A6EA.06A	0	0.0320075172057649	0	0.11333125464608	0	0.0739732691204389	0.204728278295866	0.326558046124578	0.0595875645436679	0	0.189814070063604	0	0.49676570875147	0.867566966656597
TCGA.FS.A1YX.06A	0	0.0272464332284244	0	0.116663496714775	0	0.0581059468998966	0.430512040432654	0.250324178350584	0.0111095710322169	0	0.10603833334145	0	0.395300843047961	0.920192604837668
TCGA.EE.A2GS.06A	0	0.0187991769332238	0	0.142092158126499	0	0.0595557158349557	0.249752450483158	0.31486921565206	0	0	0.214931282970103	0	0.600946289555495	0.805703366817132
TCGA.D3.A2JF.06A	0.0259385867349195	0	0.047067631443394	0.0511766003151734	0.0796155045973793	0.0538573781407661	0.226742764113578	0.0984102843034842	0.0523780681540983	0.0395645212978287	0.325248660899378	0	0.581905302665642	0.813597685309206
TCGA.FS.A1ZK.06A	0	0.0610963572349535	0	0.173348631695492	0	0.0752506283358957	0.162480229120765	0.424352728712114	0	0	0.103471424900779	0	0.494159534255202	0.86857134457719
TCGA.DA.A960.01A	0	0.0369347066570855	0.00984254213190322	0.125039496959485	0	0.0661310839765085	0.186083060283663	0.398604004827335	0.00311908064891503	0	0.174246024515105	0	0.54225451362138	0.841337139377109
TCGA.FS.A1ZE.06A	0	0.0694436500314157	0	0.155557398653369	0	0.0514854540720714	0.265122833282567	0.319617791848139	0	0	0.138772872112437	0	0.380681830702371	0.927602064347001
TCGA.WE.AAA0.06A	0.063739802119422	0.0380489954763558	0.030357294042305	0.130543282982784	0	0.0667759751711984	0.209188216570783	0.256462008885843	0.00557686843017906	0	0.199307556321129	0	0.616599416780308	0.802523428714294
TCGA.FR.A8YD.06A	0	0.0141441655652461	0.00721085347303566	0.139836436133591	0	0.0485735728112171	0.233551734007886	0.209934952942978	0.0254619457918467	0	0.321286339274199	0	0.621616981669925	0.785745306511362
TCGA.BF.AAP2.01A	0	0.0352955804193	2.02263258109963e-05	0.106402671715718	0	0.104850259571636	0.26255046925616	0.245164697626623	0.0539488753464137	0	0.191767219738338	0	0.467806542487189	0.88319334944027
TCGA.EE.A29A.06A	0	0.0370453367481192	0	0.134379427429412	0	0.0610433819876516	0.253010237104497	0.390564316578653	0.0163402152741139	0	0.107617084877553	0	0.39419779397553	0.921188399255706
TCGA.ER.A19K.01A	0	0.0086645962478678	0.0361359835567018	0.164327484774267	0	0.0968447898769627	0.279578092396429	0.278629373456185	0.0433204627813486	0	0.0924992169102381	0	0.426004948930638	0.903929002722114
TCGA.EE.A29L.06A	0	0.0164054506014017	0	0.171169640880717	0.0106915267274826	0.0494311192731501	0.132158035960102	0.483138487052767	0	0	0.13700573950438	0	0.650992679390782	0.767986206484473
TCGA.D3.A1Q7.06A	0.000854033282812125	0	0.0366040725691719	0.0593546734078693	0.14190163125114	0.0568265179903564	0.303965068640027	0.0911451006302619	0	0.104282976496251	0.205065925732111	0	0.414934283677405	0.910384495119366
TCGA.EE.A3AD.06A	0	0.0531270037567661	0.0164772475923451	0.144805157422225	0	0.0711190045758842	0.226885419678825	0.270528059654609	0.0322987764777726	0	0.184759330841573	0	0.313424456780248	0.959833608563341
TCGA.EE.A3JH.06A	0.0304535477050039	0	0.0625712241736885	0.0147364445699417	0.0781386148334712	0.0703519732921454	0.30022902553961	0.0194573466918134	0.0310441838070653	0.106372125854494	0.286645513532767	0	0.466739684061163	0.884742730322097
TCGA.EB.A3XB.01A	0	0	0.0184905793608988	0.137058272696634	0.0131867573883169	0.0485421109424186	0.289850123546648	0.179682133788693	0.0143724376643347	0	0.298817584612057	0	0.487886647043196	0.873235353338275
TCGA.D3.A2JE.06A	0	0.00909775126819174	0	0.164753490951007	0	0.0493471942969444	0.140464212567172	0.428727754388551	0	0	0.207609596528134	0	0.643878527545649	0.772376686580078
TCGA.EE.A29D.06A	0	0.0122649878575581	0	0.0705191101696965	0.0380881968496927	0.0745815957103491	0.203421334625441	0.399369948671808	0	0	0.201754826115454	0	0.535330200409364	0.845402485399876
TCGA.EB.A5UM.01A	0.000730229252300089	0	0.0466518812217893	0.15021420475664	0.0492628177359399	0.0762402495620508	0.18000353923797	0.0560643874524806	0.0319605068761226	0.0407967485386937	0.368075435366013	0	0.592613773646021	0.804832284220089
TCGA.D9.A1JW.06A	0.0125757524160362	0	0.019637863411271	0.103464553098104	0.0845357177273094	0.0769583883019769	0.306003167463989	0.0958660169136888	0.0443246522494231	0.00189491243502421	0.254738975983177	0	0.522818564568824	0.852465394185801
TCGA.D3.A1Q5.06A	0	0.0334897975856489	0.00741261119270989	0.126283822906577	0.0360708760874954	0.050653800649612	0.210892350892101	0.175215622054738	0.0616379744587685	0	0.298343144172349	0	0.3697374215342	0.940839351569056
TCGA.BF.A5EO.01A	0	0	0.042278891515972	0.0628357779870652	0.0599232818023594	0.0485650986547118	0.277408566961656	0.21743634172679	0.0175805812567482	0	0.273971460094698	0	0.444927503337911	0.896539754711917
TCGA.D3.A3CF.06A	0.0641607846258959	0	0.0268961060823776	0.0778053332949764	0.0362741023136871	0.0756921515536724	0.284468258976763	0.157748013578885	0.0153378083354738	0	0.261617441238269	0	0.495601646101955	0.86775596384908
TCGA.D3.A5GU.06A	0	0.00543562796621082	0	0.170077335135536	0.045690380169695	0.0436100216528258	0.331727850274705	0.194809471100876	0	0	0.208649313700151	0	0.64286489384602	0.781439444528094
TCGA.XV.AB01.06A	0	0	0.0203166416204716	0.0125051562654935	0.0391829850395226	0.0877224638149753	0.23610994729182	0.0654441737219609	0.0488639787763773	0.0286838078979275	0.461170845571451	0	0.50623101018312	0.880202558464539
TCGA.ER.A19B.06A	0	0.0217828559950558	0	0.04734942327856	0	0.0674399160351802	0.240137444962364	0.318666911181534	0.0406349692473155	0	0.26398847929999	0	0.314580437315706	0.966922449124374
TCGA.D3.A5GO.06A	0	0.00545201248129021	0.00350212251670543	0.0798356083139989	0	0.0849474276246609	0.366968422502126	0.23039394188599	0.0654922843022738	0.00459043070562409	0.158817749667331	0	0.532992991644359	0.849899795115388
TCGA.GN.A8LN.01A	0	0.0158587786303896	0.0229495531814163	0.110897400354307	0	0.0348387582167009	0.349138559161667	0.172630979235242	0	0	0.293685971220276	0	0.628579900580228	0.782722428856339
TCGA.YG.AA3O.06A	0	0	0.0075079087866608	0.143801555929925	0.0167785671473215	0.0306493369839488	0.248807658714588	0.263141223898713	0	0	0.289313748538843	0	0.663870735230308	0.757394554236847
TCGA.EE.A2MM.06A	0	0.00141016152392586	0	0.12515577345597	0.0412384257670974	0.0422718833736129	0.185813638800267	0.39453031403278	0	0	0.209579803046347	0	0.498291936257	0.866290606998186
TCGA.QB.A6FS.06A	0.0241186600426105	0	0.0472443117873384	0.093620961145988	0.0416125974682196	0.07683764954542	0.270243844708601	0.120940103858734	0.0360605789790826	0	0.289321292464007	0	0.59141767716499	0.809980832565713
TCGA.YD.A9TA.06A	0	0	0	0.051088074983772	0	0.0578738249364506	0.355394967198422	0.326048488986792	0.0199808268994823	0	0.189613816995081	0	0.555783789101706	0.834227999969599
TCGA.D3.A51F.06A	0.00772645028264697	0	0.0293065017577445	0.0748604880938937	0.104517859231529	0.0394509390088775	0.373577245381233	0	0	0.255100628574781	0.115459887669294	0	0.50686654273854	0.86239091469805
TCGA.EB.A4OY.01A	0	0	0.0607947902143942	0.0884639195943664	0	0.0821384184327421	0.2246021601862	0.140935271258284	0.0985100498297588	0	0.304555390484255	0	0.480743432442021	0.876805997958467
TCGA.ER.A2NC.06A	0	0.0046193525198935	0	0.0347925370027516	0.0197257665539281	0.0591921094090793	0.483126583620573	0.190987308097645	0	0.0208082073641345	0.186748135431995	0	0.553885958419724	0.834069286836132
TCGA.FS.A1ZQ.06A	0	0.0426528012870134	0.0140763961256075	0.0577934246862787	0	0.0675273458458396	0.274523739536846	0.222385708843032	0.00953141787445244	0	0.311509165800931	0	0.633194374547375	0.779516907521831
TCGA.ER.A42K.06A	0	0.0258658061202531	0	0.0773582744340694	0.0159861434178882	0.055323740253172	0.265267307043951	0.324130830573389	0	0	0.236067898157277	0	0.297746625226413	0.973770457388363
TCGA.WE.A8K4.01A	0	0	0.0388214197589265	0.225908384324954	0.15354589189251	0.0776815823363338	0.253932224829295	0.0289448002178495	0	0.10610409563685	0.115061601003281	0	0.54415126648343	0.84254548039675
TCGA.ER.A42L.06A	0.00268079584552786	0	0.0163469449836082	0.0520651546677873	0.0796824212897806	0.0551209220479981	0.432284849139042	0	0	0.17497000975855	0.186848902267706	0	0.244357426560004	0.994708566488716
TCGA.EE.A2A1.06A	0.0549787276185923	0	0.00367472780460968	0.0622641396079813	0.0289685609307055	0.0801452392390509	0.353295805680534	0	9.57664965155672e-05	0.125636325772807	0.290940706849203	0	0.545607135532374	0.83750541051452
TCGA.EE.A29T.06A	0	0	0.00455260209923984	0.0267538609595673	0.0757957815250929	0.032918142027368	0.433840294050312	0.0186369100254839	0	0.104241889267764	0.303260520045172	0	0.467435578460248	0.887043733287582
TCGA.EE.A2GI.06A	0.0184244090203189	0	0.0213638608850627	0.145639415425799	0.0399805112324467	0.0455644748725156	0.234494406570962	0.225678738887068	0.00764300068354604	0	0.261211182422281	0	0.48326994052575	0.874930320849279
TCGA.ER.A1A1.06A	0.262912862900888	0.0260854343746452	0.0629325263458855	0.0645268734515787	0.016394953444688	0.0820702739553912	0.151618077546616	0.146678986150095	0	0.0127966097266426	0.173983402103569	0	0.517472312336595	0.855441338286283
TCGA.D3.A8GS.06A	0	0	0.0388190261925058	0.121175695782188	0.0216803937257209	0.0354791898014632	0.264201135721236	0.117284452588249	0.0180262014746465	0	0.383333904713991	0	0.522361303285775	0.855512798581857
TCGA.ER.A198.06A	0	0.00697535535343039	0	0.0886228209583468	0	0.072815731626019	0.298958002587921	0.414621070980295	0.0117225643106796	0	0.106284454183308	0	0.672257199427206	0.767996185257504
TCGA.DA.A3F5.06A	0	0	0.0440266925806696	0.123514685892011	0.0198134091984621	0.0621520518116755	0.240379943107527	0.397170140717831	0.00453560821024402	0	0.10840746848158	0	0.453478992874529	0.890540613836351
TCGA.FS.A1ZH.06A	0	0	0.00676084717067221	0.0710631982538259	0.0574860430153802	0.0423286214753521	0.394198085081522	0.0669859538873923	0	0.113299927531914	0.247877323583941	0	0.452766978393894	0.891844964685696
TCGA.3N.A9WB.06A	0	0.0358371085576774	0.00820604606986678	0.201958642537238	0	0.0643343168835601	0.152525076650892	0.411905665841557	0	0	0.125233143459209	0	0.608810898768101	0.799293834957356
TCGA.D3.A5GR.06A	0.0819958091937975	0.0128520796905447	0.00281967735935051	0.0481620736190535	0.0286509884202412	0.0399259283636907	0.290298481417792	0.210766461729058	0.000795279625411001	0.000698413880623012	0.283034806700439	0	0.47730312316795	0.878963987911261
TCGA.XV.A9W5.01A	0	0	0	0.135524714008731	0.0138279593664852	0.0600599190619704	0.310253259205071	0.330337694748652	0.0391106468104979	0	0.110885806798592	0	0.332140938992837	0.9509935413045
TCGA.YD.A89C.06A	0	0.0176645244109905	0.0184702271403391	0.232959880934558	0	0.0706180409937715	0.211203389525747	0.34780824291526	0	0	0.101275694079333	0	0.431894631031698	0.902791830755801
TCGA.D3.A8GV.06A	0	0	0	0.155650212171191	0.00831449725967165	0.0572447431246392	0.214011050022419	0.45365246277107	0.0130877060078834	0	0.0980393286431254	0	0.628103219828789	0.787790059951201
TCGA.D3.A2JP.06A	0	0.00412761234422339	0	0.0962118777923631	0	0.0778799497217622	0.307232522567067	0.107752521888989	0	0.16177545548761	0.245020060197986	0	0.412230460655814	0.912863469991835
TCGA.EE.A2MD.06A	0.0138040912544119	0.0156973946240283	0	0.0798716013517839	0.0264854079579892	0.0360765094718411	0.198068781718285	0.351758848200206	0	0	0.278237365421454	0	0.524556505781311	0.85061483124418
TCGA.D3.A2J8.06A	0.00134070790170243	0	0.0345159988018648	0.123896424654472	0.0832006885285724	0.0462668886566414	0.290068318272476	0.156964366443244	0.0353474895993815	0.0474346607356784	0.180964456405967	0	0.483231902315456	0.8752325615455
TCGA.EB.A550.01A	0	0.0470746369959657	0.00419469607626293	0.00488877642540522	0	0.129388990628491	0.332055961680616	0.234906522316246	0.0225213187285775	0.0173514979960048	0.207617599152431	0	0.122127228035098	1.04670197117179
TCGA.D9.A4Z6.06A	0	0	0.0464036298630849	0.179232270258564	0	0.0903868736339911	0.221759173337207	0.287188975012749	0.0329402293078153	0	0.142088848586589	0	0.434032621871278	0.900250971972219
TCGA.HR.A2OG.06A	0	0.0115833429451101	0.0236666700437567	0	0.00293942495849688	0.0426952389923892	0.331316434369266	0.0469324835913137	0	0.10383946734477	0.437026937754897	0	0.50906275620119	0.873484412765315
TCGA.GF.A2C7.01A	0	0.0576761590885828	0	0.206001527375968	0	0.0657100459863003	0.212163166495242	0.350965627719385	0.0281243235747693	0	0.0793591497597533	0	0.295356277206353	0.971589720363707
TCGA.D3.A2JD.06A	0.0839439201674039	0.0236701965477708	0.0390011844721162	0.0978448003868942	0.0137796092575893	0.0716516912056071	0.192713315657994	0.132344698392013	0.0141012137926632	0	0.330949370119948	0	0.665192920093845	0.753863180796972
TCGA.D9.A4Z2.01A	0	0.0243822775920795	0.00961455152238765	0.136634561496149	0	0.0386351529474922	0.27229235745025	0.309524690100473	0.00682066242441822	0	0.202095746466751	0	0.519568379669354	0.854240847353387
TCGA.DA.A95X.06A	0	0.0147773391687204	0	0.0562466221845248	0.00623438308195866	0.0743723956445697	0.407985828869756	0.265172104756981	0	0	0.17521132629349	0	0.629553623582006	0.792039109379263
TCGA.FS.A4F4.06A	0	0	0	0.0908702002008089	0	0.107740859915257	0.362110838465245	0.178437031198482	0.033343397908941	0.0687238610636194	0.158773811247647	0	0.573142035521132	0.829616049505057
TCGA.WE.A8ZM.06A	0	0.095673607579884	0.0336104397901471	0.0327886795032116	0	0.155391153816156	0.276671639552265	0.239094841535452	0.0191520765480633	0	0.147617561674821	0	0.277409788540669	0.970205991401598
TCGA.D3.A3BZ.06A	0.00886542880809192	0	0.0209588643001762	0.100566135347814	0.0253918712576218	0.0727548092731956	0.369152511039221	0.114760640968522	0	0.0640224138976251	0.223527325107733	0	0.467720066173829	0.883068942647483
TCGA.EE.A3JB.06A	0	0.0106371807050629	0.000162731166232147	0.0810431091606038	0.00961580003402451	0.0177368515814453	0.420649459747409	0.373012980356714	0	0	0.0871418872485082	0	0.678095332844332	0.757486150814418
TCGA.GN.A262.06A	0	0.0324567818927497	0.00374930096351836	0.110065413068524	0	0.0831796890628309	0.148696411147431	0.503902366021685	0	0	0.117950037843261	0	0.325875418516426	0.959898431294054
TCGA.FR.A69P.06A	0	0.0209909682631478	0	0.206744817587037	0	0.0551170570815225	0.274472666045689	0.335799008847286	0	0	0.106875482175319	0	0.561150355048008	0.830673690067065
TCGA.WE.A8ZR.06A	0	0.00869089338727556	0.000769141133104633	0.148283925502165	0.00424352208697142	0.0566770759467104	0.183196177545195	0.329651514878339	0	0	0.26848774952024	0	0.631702856314698	0.780609934678499
TCGA.EB.A5SF.01A	0	0.0498862591435837	0.0337729775246091	0.0709768317289053	0	0.122615469043186	0.39486719225324	0.118766556405641	0.0518694036165546	0	0.15724531028428	0	0.121547726759629	1.03974536210983
TCGA.D3.A1Q9.06A	0	0.0305829005740245	0	0.173310592907786	0	0.0616794720835791	0.268916754596991	0.105936753997586	0.00898380456613361	0.0643010224225848	0.286288698851315	0	0.503022034591841	0.863552707619089
TCGA.FW.A3I3.06A	0	0.045392730116387	0	0.191922619435343	0	0.0780649676808517	0.19764800888381	0.22763503212875	0.0214643204847324	0	0.237872321270126	0	0.247514510112684	0.998686332219477
TCGA.D3.A2JB.06A	0.149775129969164	0.0173524790240177	0.0260920280152278	0.124657039893851	0.0229134698708334	0.0530361956213107	0.158520036531798	0.160339898108086	0.0194128847232544	0	0.267900838242457	0	0.530176394606201	0.847216059209171
TCGA.EE.A2M6.06A	0	0.0142209368265872	0	0.210205478170492	0	0.0189772107875695	0.291385790834656	0.340117813528697	0	0	0.125092769851999	0	0.557878218702574	0.830961794063849
TCGA.BF.AAP7.01A	0	0	0.0676177680663586	0.0804599319283562	0.0828297344518404	0.0749653937301823	0.32916295973033	0.0494818646957262	0.0287722691696957	0.0251921196679461	0.261517958559565	0	0.549024959492592	0.837217242604404
TCGA.D3.A3MR.06A	0.0148182346841646	0	0.0438673469138497	0.0859001997172893	0.0525719995294511	0.0435359340970818	0.259765504633273	0.0992834551797981	0.0364387973460859	0.0174412548615556	0.346377273037451	0	0.512135227499787	0.859410410407995
TCGA.EE.A2GT.06A	0.115329259750556	0.076599397801377	0.0300450944563611	0.11768816946375	0.037059999692365	0.114568552931149	0.214164557018812	0.0663922739297757	0	0.00164060768157604	0.226512087274279	0	0.506584722905252	0.862124609194716
TCGA.EE.A2GP.06A	0	0.0270239910339302	0.00330487954452535	0.124844354390309	0	0.0399228561691354	0.505118220030438	0.191458111510734	0.00372825569453293	0	0.104599331626395	0	0.634827522563688	0.786051060951513
TCGA.D9.A1X3.06A	0	0.0564040781533866	0	0.129396358878505	0	0.0684056525869005	0.173337870460772	0.259869847856847	0	0	0.312586192063589	0	0.359179303113222	0.951097027582419
TCGA.WE.A8K1.06A	0.0148856034420754	0	0.0562916000249676	0.19304565683	0.0753605992772295	0.0813467785795821	0.27140995606032	0.148006586469687	0	0.0003009882235196	0.159352231092619	0	0.5502342076293	0.841876562605887
TCGA.ER.A193.06A	0	0	0	0.154966092142256	0.0426721224854728	0.0751838954992861	0.390167300435752	0.0912136791339284	0.0236411600973313	0.0586835521309842	0.163472198074989	0	0.592098568636655	0.817306506372773
TCGA.D3.A2JH.06A	0.00500982928957544	0	0.0390037894797223	0.18435997703931	0.101240428425066	0.0534674340174604	0.286544743014977	0.176038150766329	0	0.0585578997172558	0.0957777482503046	0	0.558024766691711	0.836450391256248
TCGA.EE.A2GN.06A	0	0.0415360376211209	0.0079642723508009	0.15032828464638	0	0.0697217302457888	0.221055113935761	0.136494798612853	0	0	0.372899762587295	0	0.505908596433265	0.866167422192068
TCGA.EE.A2GO.06A	0	0.0271974093654065	0	0.121347050929275	0	0.0802612574923847	0.291104259667088	0.283458159917228	0.0239341744028834	0	0.172697688225734	0	0.353131289380637	0.940423542759617
TCGA.D3.A51E.06A	0	0	0.0194187429689431	0.195463301610312	0.0289138838416938	0.0312109355097898	0.347561769959607	0.149120610068298	0	0	0.228310756041356	0	0.502282524690243	0.863917496629342
TCGA.EB.A44P.01A	0	0	0.0454069021626076	0.0736292317096799	0.0283000845043055	0.103781033044067	0.256814590875046	0.205713991585436	0.048846150692429	0	0.237508015426429	0	0.498918279339361	0.866389783885243
TCGA.GN.A263.01A	0	0.0119489056066151	0	0.157829974492699	0	0.0389467945578456	0.300481989282956	0.318399610002957	0.0177124919285666	0	0.15468023412836	0	0.59113465857285	0.813451845414332
TCGA.HR.A5NC.01A	0	0.0238290622663642	0.0222684772637554	0.0833777975367261	0	0.0920100809033521	0.529779287349838	0.0994305126709367	0.0320742347742122	0	0.117230547234815	0	0.41124712165198	0.912773387123534
TCGA.FR.A7U9.06A	0	0.000402851735934606	0	0.0112826954995367	0.00375500216415028	0.0713573120658632	0.357108503972862	0.40008395694985	0.0126670493239235	0	0.14334262828788	0	0.492766228080815	0.869879297580166
TCGA.XV.A9VZ.01A	0	0.086493262992737	0.00734613437059688	0.101366042171612	0	0.118426008395264	0.232493608535269	0.320772817552683	0.0520919208217028	0	0.081010205160135	0	0.208138738384396	1.00058720125162
TCGA.EE.A2MN.06A	0.0147187506570093	0	0.0365217141125774	0.16248887754464	0.0887299886542859	0.0623853989690739	0.344636065839697	0.00056353387152909	0.0172724223122514	0.0348989410068957	0.23778430703204	0	0.505700535220422	0.862319960330532
TCGA.BF.A1PX.01A	0	0	0.00895880672484487	0.151834640853505	0.0242288856143064	0.101326857160291	0.321530444761963	0.0828564145850812	0.0663567007520805	0.058668645823288	0.18423860372464	0	0.319666558329904	0.954624707082835
TCGA.WE.AA9Y.06A	0.00226215535797931	0.0313628905715097	0.00718359933507645	0.0603067171407135	0	0.0599025283947977	0.350573389217399	0.0538488078752005	0.00299618436681529	0.0335499733553673	0.398013754385141	0	0.554953331806967	0.834180286263765
TCGA.D3.A3CE.06A	0	0	0.0054662388205122	0.178477939754836	0.0493707891700281	0.0697693762961854	0.246478146929194	0.0976422484347516	0	0.0376718520606874	0.315123408533805	0	0.454400838935007	0.89411194239001
TCGA.D9.A6EG.06A	0	0.014188465224819	0.0240456366332219	0.150225874164481	0	0.0544749573147686	0.209670269280525	0.410711777467162	0.0148817111082291	0	0.121801308806793	0	0.39072961537645	0.924411469578045
TCGA.WE.AAA4.06A	0.0153750226441429	0	0.0498292116630674	0.00170441834882143	0.0755277262512803	0.0709019768340297	0.482486662601833	0.0243358400941631	0.0133593211507202	0.130895012124726	0.135584808287216	0	0.563340473829296	0.832801111658369
TCGA.EB.A85I.01A	0	0	0.0633917391619088	0.212743511363001	0.0786503397524827	0.0475601815501497	0.247392406246513	0.110214695339436	0.00853239463475822	0	0.23151473195175	0	0.695282451459473	0.749346830784978
TCGA.BF.AAOX.01A	0	0.00144274061247007	0.0484414700285623	0.229565885010355	0	0.074365857252061	0.164428787976365	0.280700732463974	0.0304277359450502	0	0.170626790711163	0	0.327619717998444	0.956535530622705
TCGA.ER.A2NF.06A	0	0	0.0127685010373505	0.112557876752149	0.0154366610481856	0.0592216158054814	0.178176331914102	0	0.0122699845265223	0.111064071619993	0.498504957296217	0	0.61682308437132	0.793869284859702
TCGA.FS.A1ZU.06A	0	0.0375327042876276	0	0.189402380227423	0	0.0349991507253922	0.318991250888663	0.362307775421413	0	0	0.0567667384494814	0	0.542122930476316	0.840932847936828
TCGA.EE.A20H.06A	0	0.0146504898430402	0.00163660009914444	0.238909710933142	0	0.0709907219521041	0.163288776597597	0.425450742872107	0	0	0.085072957702865	0	0.613769624330513	0.794274334139277
TCGA.FR.A3YO.06A	0	0	0.019017776598175	0.0805510794985539	0	0.0342151582679973	0.441964780914639	0.239563847237654	0.00173468252767578	0	0.182952674955305	0	0.57191459301437	0.823436206531874
TCGA.FR.A729.06A	0.0343704601848898	0	0.0485180347434338	0.0992835454325775	0.0554111297533347	0.047593384558237	0.290719018762334	0.0817857941624514	0.0192375755678667	0.0577850365733631	0.265296020261512	0	0.574707016504401	0.822060999765254
TCGA.ER.A19P.06A	0.076293142760083	0	0.0730917585089397	0.0600006305803324	0.0826251364958375	0.0654911375162085	0.290867033158209	0	0	0.152017206086772	0.199613954893619	0	0.467424945695685	0.883373206079942
TCGA.EB.A24C.01A	0	0.0326183362892049	0.021984319315428	0.0593598407338844	0.026757339672216	0.113304383354338	0.266171187801413	0.241527204215834	0	0	0.238277388617681	0	0.323654584925048	0.957314098003668
TCGA.D3.A8GE.06A	0	0.0123620808870487	0.0166055258552178	0	0.0651177932314904	0.0936260940129753	0.41713862397523	0	0	0.236495196150811	0.158654685887227	0	0.478372686466808	0.877646534582249
TCGA.FS.A4F5.06A	0	0.0224868018840557	0.0176989570920448	0.120788182835545	0.0125105849247572	0.0574682773855349	0.318241958414043	0.307573819256175	0.0160736837942767	0	0.127157734413567	0	0.364384531086525	0.934512117537186
TCGA.EE.A2GM.06B	0	0.0296177720479499	0.0234826513950862	0.261529778659627	0.0207069406965063	0.0967615833294477	0.275370613618378	0.141787496659207	0	0	0.150743163593798	0	0.396160087021838	0.918764361451673
TCGA.FW.A5DX.01A	0	0.0130852534478105	0	0.164690116839487	0.00772250652144692	0.0706957759956864	0.154863097680827	0.42398222154678	0	0	0.164961027967962	0	0.468222555304361	0.883641658015237
TCGA.WE.A8ZO.06A	0	0	0.0203122865760173	0.183361915595101	0.0375565209383247	0.0392065389246079	0.495952176162358	0.0384327543970234	0.00794377955200622	0.024891899306134	0.152342128548427	0	0.565155658922955	0.828245636327888
TCGA.FS.A4FC.06A	0	0.0314167374651889	0.0148868769983676	0.10077124794741	0	0.105841662493466	0.314274754396678	0.148160914406831	0.0430302009776368	0	0.241617605314421	0	0.514203472459208	0.857680536253713
TCGA.EE.A20F.06A	0	0	0.03979722675722	0.208981159352326	0	0.0367845746466278	0.317168097536153	0.114188233681182	0.00393462479002488	0	0.279146083236466	0	0.521416018502213	0.852515520886802
TCGA.FS.A1ZJ.06A	0	0	0	0.151834981234735	0	0.0757070818772187	0.196255433387427	0.452596328390342	0.00646557825223643	0	0.117140596858041	0	0.531959409464722	0.846708467004736
TCGA.EE.A182.06A	0	0	0.0150009408470825	0	0.0281043568059304	0.0612155477094765	0.400240245577869	0.195419490348951	0.0126660694309714	0	0.287353349279719	0	0.495766282677145	0.868444805207964
TCGA.ER.A19T.06A	0.00201523392750246	0	0.0205991385627615	0.143439792576612	0.0107359708710122	0.0413931522588776	0.432533967549644	0.250913113471553	0.017673562161673	0	0.0806960686203639	0	0.542779743094717	0.84224772078085
TCGA.EB.A5FP.01A	0	0.0258153381852023	0.0232578618192503	0.259381642546238	0	0.0753883026282733	0.143782439742496	0.40251881199384	0	0	0.0698556030846998	0	0.325411026132453	0.964251220476919
TCGA.D3.A51J.06A	0.0217749211329045	0	0.0675116460999221	0.174285490211462	0.0325081658037831	0.0474077639648341	0.307880449729015	0.0261024366899836	0.0525837097873581	0.0587095504630228	0.211235866117715	0	0.518124541489992	0.856899004777185
TCGA.EB.A44N.01A	0	0.00919956113785783	0.0326287519316394	0.0593801395251443	0	0.102156862255327	0.215301997603722	0.24652827529924	0.0356080196630635	0	0.299196392584006	0	0.327570601255936	0.963909129820079
TCGA.FW.A3TV.06A	0.0106168266830741	0	0.0125608659368269	0.043182493275826	0.0540342737198656	0.0490394120008574	0.31980465403102	0.0854633915003353	0	0.0453815651308862	0.379916517721308	0	0.694976438175597	0.724517380285664
TCGA.XV.AAZV.01A	0	0	0.077280087024261	0.0604787844905398	0.0216423318263863	0.0753680864992018	0.505289822785463	0.0201786029766778	0.07412334465408	0.088599768892087	0.077039170851304	0	0.29255334218562	0.967509575487771
TCGA.ER.A3EV.06A	0	0	0	0.0881426707600474	0.0425717112486523	0.0809478797560583	0.235677319833412	0.281778940624284	0	0	0.270881477777547	0	0.449790867885093	0.894491556932684
TCGA.D3.A5GT.01A	0	0.0163221415131799	0.0527035072823501	0.119357112413082	0.0132198986176595	0.103219046586707	0.210312306052614	0.275265990660188	0.00703897241010007	0	0.202561024464119	0	0.510635788778554	0.860406154183787
TCGA.EB.A5SH.06A	0.0369537665013285	0	0.0736218440887161	0.12040062040878	0.0281513094188088	0.0980456645108101	0.192087694907134	0.137172278510654	0	0	0.313566821653768	0	0.550045703118632	0.834527466712557
TCGA.EB.A42Y.01A	0	0	0.00844562522946973	0.19685015196484	0	0.0432828086201022	0.257550843950759	0.41385985325983	0	0	0.0800107169749988	0	0.573304133833309	0.821211368318443
TCGA.ER.A19Q.06A	0	0	0.0219650383972723	0.110407436235269	0.0235071364127295	0.0702775422648981	0.527726672869844	0.152191231849528	0.0169499862143909	0.00811353019534193	0.0688614255607272	0	0.627110614707595	0.792992293228234
TCGA.EB.A85J.01A	0.00640664235761298	0	0.0605426793061547	0.171995715716546	0.0685086251798683	0.0398066670480455	0.232163360780895	0.130217712918098	0.03308506576717	0	0.257273530925609	0	0.534587196521369	0.845347333049837
TCGA.EE.A2MJ.06A	0.104782452664314	0	0.0619974550748759	0.240142545767691	0.0217644698158318	0.0659700476510023	0.25450985048879	0.0925320494651934	0.0324456542735366	0.00201833800071492	0.12383713679805	0	0.543020911133741	0.849220447701613
TCGA.GN.A264.06A	0	0.0311392592107853	0	0.14268332718635	0	0.0623084880615824	0.357470435896449	0.234281347451617	0	0	0.172117142193216	0	0.460314516457031	0.886956183794935
TCGA.FS.A1ZD.06A	0	0	0	0.168792036425662	0.0180224127673812	0.0393567984326994	0.224374830625397	0.400911963759044	0.0286845862948245	0	0.119857371694992	0	0.449106185814726	0.893868486148762
TCGA.EB.A1NK.01A	0	0.0331552574534223	0.0237411103695921	0.167811376135677	0	0.104924277326154	0.295965862260256	0.14168763864521	0.0374693054553866	0	0.195245172354302	0	0.287708875761022	0.970221953196383
TCGA.D3.A8GI.06A	0	0.0151726152002034	0	0.0754516554300189	0.0073325077391473	0.0270131584630679	0.356548308173793	0.310640339594551	0	0	0.207841415399219	0	0.550157070782271	0.836124313634661
TCGA.EE.A2M7.06A	0.0622281259132272	0.0708938454037437	0.0255372605178552	0	0.0635780028713593	0.0731587163154392	0.210720728573427	0.0204410535423999	0.0220484638356002	0.0543054671023889	0.39708833592456	0	0.522599101135943	0.858452920378184
TCGA.BF.AAP4.01A	0	0	0.0494385503765442	0.208596764659762	0.0515550754131181	0.0443548783104891	0.241250531095469	0.191369491199929	0.0252225283927508	0	0.188212180551937	0	0.63906243552833	0.786914484772188
TCGA.FS.A1Z7.06A	0	0.0205962549736606	0	0.0177907496656127	0.0417887394182696	0.0791584528276692	0.451648467764445	0.200571705541597	0	0.0186286921639391	0.169816937644807	0	0.471113863462768	0.881263880496902
TCGA.D9.A149.06A	0	0	0.0309708079061411	0.0810637702698394	0.0681481099612286	0.0763633644410406	0.288977003282865	0.16502367147872	0.0208954498585808	0	0.268557822801585	0	0.536543884270877	0.844111624757989
TCGA.BF.AAP0.06A	0.0760685902516349	0	0.0584975311395553	0.137914609617794	0.0566455272827998	0.059543470963217	0.26207907700544	0.0392574510442819	0.00704931595172302	0.0507707817931613	0.252173644950393	0	0.548184145755563	0.838403961382313
TCGA.FR.A3YN.06A	0	0	0	0.0268543829852481	0.0839895405653485	0.0643878061969873	0.251599938064827	0.0826530025135606	0	0.125982905944371	0.364532423729657	0	0.597277759247036	0.801477139048678
TCGA.FS.A1ZW.06A	0	0	0	0.0676149172590552	0.0602753115614649	0.0182874470466667	0.223294858294155	0.159031422350435	0	0.0365017171253425	0.434994326362881	0	0.490447040696946	0.886095152015089
TCGA.GF.A3OT.06A	0	0	0	0.0501089105770983	0.0306069157685186	0.0697768094982126	0.405210555809572	0.280595618889674	0.00163659415782957	0.0229596918127245	0.13910490348637	0	0.203601031679207	1.01005035125254
TCGA.EE.A2MT.06A	0	0.0201666952640379	0.00261013242306683	0.201269414615858	0	0.0482672876404217	0.174922452742245	0.248617718921239	0.0118518373015776	0	0.292294461091554	0	0.476878310279195	0.880864682459506
TCGA.FS.A4F2.06A	0	0.0478936543485194	0.00823010043818733	0.144015997885253	0	0.0280240428704356	0.42981085393841	0.229523077430713	3.33823245031434e-05	0	0.112468890763979	0	0.571809602732307	0.825680381386286
TCGA.DA.A1I7.06A	0	0	0.0188459338013405	0.109177728251342	0.0100609965571911	0.0650871164529958	0.318381894541665	0.1299123725924	0.00593255757975703	0	0.34260140022331	0	0.611988689090931	0.791253230496547
TCGA.EB.A4P0.01A	0	0.00375376644365911	0.013750679789717	0.0859456907609728	0	0.119827686804768	0.321630603288145	0.19877097991906	0.0541079845292364	0.0127776766047981	0.189434931859644	0	0.504652618261566	0.864424604703676
TCGA.FS.A4F0.06A	0	0.0169066917135595	0.00490868926085202	0.149193642290949	0.00747374846591388	0.0803461618491408	0.17458636061492	0.445051138734361	0	0	0.121533567070304	0	0.429990109132324	0.904110458224237
TCGA.EE.A29P.06A	0	0	0.0329152718096489	0.190188501527254	0.0974701568208038	0.0361971699972139	0.369851927384791	0.0111838525882098	0	0.0620647842057423	0.200128335666336	0	0.468047696884257	0.882891435103865
TCGA.FS.A1ZR.06A	0	0.0343902550585837	0.0219233642769136	0.145337231432543	0	0.114897092562089	0.278907153383515	0.203599163458703	0.0347608889644684	0	0.166184850863185	0	0.478181786213344	0.878456785678672
TCGA.EE.A2ME.06A	0.0804915403886746	0.0222460948542724	0.013229776923209	0.0736734837922498	0.115663904986056	0.0545417989384326	0.27246264195376	0	0	0.204663854640515	0.16302690352283	0	0.419769188945275	0.907332587005318
TCGA.EE.A29M.06A	0.0166708303118861	0	0.0203186731605141	0.159034435756471	0	0.0822662963490915	0.245844185412101	0.235993181225521	0.0558328739908593	0	0.184039523793557	0	0.65721481378744	0.780101227562385
TCGA.D3.A2JL.06A	0.0133730957412058	0	0.0372347297571441	0.162888023908809	0.0603802084213731	0.0547041016323874	0.221817804101231	0.157191654275873	0.0361754723087217	0.00122899279325968	0.255005917059996	0	0.460979319530948	0.887103389606375
TCGA.EE.A17X.06A	0	0.0101264250359951	0.0281528236016914	0.215329242025058	0	0.0644555263333295	0.216876097548152	0.304100856397684	0.0194214289242872	0	0.141537600133803	0	0.533416925433729	0.847047353524573
TCGA.EE.A17Z.06A	0	0.0368447675338894	0	0.21589680097734	0	0.0667736634125897	0.147857735487948	0.38936459974239	0	0	0.143262432845844	0	0.492361237595888	0.869707086335308
TCGA.EE.A3J7.06A	0	0	0.0356016413698525	0.174553537127565	0.0226351365903869	0.0948241795440718	0.23849519620417	0.309900119484174	0.00315606827404836	0	0.120834121405732	0	0.297764940637331	0.966338600933021
TCGA.EE.A29W.06A	0	0.034940034592372	0	0.195712665002991	0	0.0257475813151923	0.286169492443127	0.428080666573276	0	0	0.0293495600730413	0	0.530612318692765	0.846870540613997
TCGA.DA.A3F8.06A	0.0177220320400525	0	0.0378203285665881	0.10839047911181	0.101190241126974	0.0380452125111098	0.297190699121323	0	0	0.231256609895413	0.168384397626729	0	0.490158436035928	0.871143678006111
TCGA.D3.A8GK.06A	0	0.0557002276103769	0.0101587328509765	0.228109289967166	0	0.0757811280895067	0.165675830285592	0.31870489772261	0	0	0.145869893473772	0	0.26194485069122	0.989403793077251
TCGA.EB.A553.01A	0	0	0.0333229008966799	0.0918044651288221	0.016844159392686	0.0715757240801754	0.236887895895953	0.272755243302844	0.0445224789623256	0	0.232287132340514	0	0.582188794022358	0.819000203981977
TCGA.FS.A1Z0.06A	0	0	0	0.265765746111784	0.0212675474179949	0.0631288477026009	0.30606306138738	0.169394252503267	0	0	0.174380544876973	0	0.56202579795568	0.830440144636037
TCGA.EB.A44O.01A	0	0	0.0131275663912543	0.231201923798959	0	0.0485432105752413	0.168676768982845	0.429578885872175	0.00439770593557154	0	0.104473938443955	0	0.507855172832567	0.860859084145499
TCGA.ER.A3PL.06A	0	0.0038967031050414	0	0.116999144225369	0.00760349988518025	0.0443798537826502	0.393114411261136	0.171761642705366	0.0049864205747603	0	0.257258324460497	0	0.463806692073152	0.886842397812582
TCGA.FR.A728.01A	0	0	0.0559859653189265	0.158659516269767	0.0392307227039107	0.0950321235210514	0.366795648105196	0.0609018947613667	0.0313763842200941	0.0918531900138557	0.100164555085832	0	0.680092466489965	0.777711269784749
TCGA.DA.A1IA.06A	0	0	0.05540965907891	0.0952694979394274	0.0456962266369694	0.104720831014805	0.274232741061486	0.267793076220152	0	0	0.15687796804825	0	0.421816636564304	0.905926574425123
TCGA.ER.A19L.06A	0	0.0276846122428595	0.0312394422868143	0	0.0159666155941662	0.0602994917995839	0.476125660887692	0	0.00760825530843336	0.0569604865472808	0.32411543533317	0	0.37606617966507	0.948357527308854
TCGA.D3.A5GL.06A	0	0.00864288109000614	0	0.185165924019914	0	0.044077864920926	0.203642535850831	0.478308269509355	0	0	0.080162524608968	0	0.597574449116051	0.804321483641087
TCGA.EE.A2GR.06A	0	0.0409706695997632	0.00229219903087179	0.2253036774673	0	0.0587777832918456	0.169436615114944	0.352035632506474	0	0	0.151183422988802	0	0.415739671703366	0.912563147306217
TCGA.BF.A5EQ.01A	0	0	0.022335218438154	0.137799429408405	0.0296590716277382	0.072262038988423	0.24112138845632	0.148486733096371	0.00656331877680071	0	0.341772801207787	0	0.572826333224908	0.818989740408001
TCGA.EE.A2MU.06A	0	0	0.0328483171451573	0.137250024245426	0.0577685990394572	0.0551831905257343	0.36291462108565	0.123241081190568	0.0199741432390705	0	0.210820023528937	0	0.5623154225541	0.831378384027071
TCGA.EB.A82B.01A	0	0	0.02392688333062	0.088212194607858	0.0605089396248957	0.0435108358304176	0.215932155620067	0.198640562614483	0	0	0.369268428371659	0	0.522784797804804	0.854226411263142
TCGA.D3.A1Q4.06A	0	0.0282507014120445	0	0.0826278033310685	0.00913721124137622	0.0550503130739386	0.323805030931584	0.170320232446174	0	0	0.330808707563815	0	0.539162111532626	0.841693808244053
TCGA.EE.A29G.06A	0	0.0108162784032474	0.0259037029396806	0.0427653461753399	0.0161408565585559	0.0840892184816395	0.372728992450598	0.169637748039269	0.0505427353581572	0	0.227375121593513	0	0.282952430245147	0.977002521615799
TCGA.EB.A5KH.06A	0	0.0298572688916779	1.70866787979529e-05	0.0993498139014383	0	0.0438230518603011	0.157446746771767	0.330868808857591	0.0146174703468983	0	0.324019752691528	0	0.549729094762655	0.83476816492398
TCGA.WE.AAA3.06A	0	0	0.0296801409088198	0.0727175392607279	0.0484566996257782	0.0732275317638562	0.401830899895122	0.0980825096184995	0	0.0524034661991823	0.223601212728015	0	0.512118093678565	0.858840479842007
TCGA.DA.A1I1.06A	0	0	0.0348669758133876	0.0479204744346503	0.0689576920430948	0.0412893472988793	0.452769598380683	0.0244172088458707	0.0105587657353427	0.0365083338824493	0.282711603565642	0	0.550020536259913	0.834503373075216
TCGA.EB.A3XC.01A	0	0.020097460476479	0.00920146962535483	0.163610766255233	0	0.0565101325060896	0.236948518920217	0.349941329293516	0.0445436482713453	0	0.119146674651765	0	0.286688215426277	0.974228667490336
TCGA.3N.A9WC.06A	0.00526332103363822	0	0.0639982624146476	0.108359518449911	0.134113494578763	0.0433591571863036	0.300003739091138	0.0208890497762211	0.0196449333532166	0.0851790709781852	0.219189453137976	0	0.494502111226326	0.86858604912859
TCGA.D3.A8GL.06A	0	0.0420780548117212	0	0.207471803190231	0	0.0803422980861181	0.170519542870688	0.385433109185785	0	0	0.114155191855457	0	0.551688992325328	0.835498897855812
TCGA.WE.A8ZX.06A	0	0	0.00867269601863013	0.154814699970078	0.0238480692990253	0.0620549961410834	0.255320231194642	0.286185315292828	0.00643464568959708	0	0.202669346394116	0	0.605285694297062	0.804574661600884
TCGA.D3.A51H.06A	0.352105614802535	0	0.0213938860334736	0.00837480293006405	0.00476311414421943	0.0449322442680974	0.154285064936106	0.135279181344049	0	0.124022710857642	0.154843380683813	0	0.611432209226599	0.795085581004924
TCGA.FS.A1ZC.06A	0	0.042944842118198	0	0.19311941524389	0	0.0192127531123642	0.236870241855573	0.404168859665828	0	0	0.103683888004147	0	0.446664765862652	0.896060586390485
TCGA.EE.A2MK.06A	0	0	0.0685874083612704	0.0377368068075117	0.11148153676381	0.0291393559596073	0.38919478953213	0	0.0111714905467317	0.116942411289022	0.235746200739917	0	0.445227072521199	0.895845043828546
TCGA.DA.A1I8.06A	0	0.0529602999401322	0.0362331544618304	0	0	0.0723736851498241	0.526050672742333	0.118742769791963	0.0167401672473224	0.0592512711376975	0.117647979528898	0	0.30520376136366	0.96433819805092
TCGA.D3.A1QA.07A	0	0	0.00778311885168359	0.173892366695337	0.0162908444363413	0.0413439135764144	0.180862510577372	0.373507799472677	0	0	0.206319446390174	0	0.557282039378429	0.830472103068856
TCGA.EE.A2GH.06A	0	0	0.0367784441605818	0.112847738069588	0.0770633214295745	0.0427168153518935	0.304071679632148	0	0.00524680620783506	0.128059932152656	0.293215262995723	0	0.440873277651222	0.900251449724827
TCGA.EB.A44Q.06A	0.035534570436367	0	0.0483051261024878	0.230285709785757	0.0329068528559323	0.0752611811998452	0.265726060690842	0.162735419751114	0.00506778512153286	0	0.144177294056122	0	0.53790143280812	0.848286639264082
TCGA.DA.A95Y.06A	0	0.0319364917769229	0.00810476608155593	0.11659977811531	0	0.0365877100176287	0.180598510033451	0.31427323814956	0	0	0.311899505825571	0	0.617113896990955	0.788420224219871
TCGA.DA.A95V.06A	0	0	0.0667896100575297	0.0599174717206523	0.0406250908069487	0.081740441669693	0.213969355261307	0.0335423850350483	0	0.0519805347584559	0.451435110690366	0	0.563388284109204	0.832443384910883
TCGA.D3.A3MU.06A	0	0.0280497913933429	0.0147477861447029	0	0.0282331679208686	0.0651089219586146	0.317660154227024	0.114670821423517	0	0.0166684328554937	0.414860924076437	0	0.589274109530822	0.808780774881354
TCGA.ER.A19C.06A	0	0.0323231387756249	0.0014335375165301	0.132672127639694	0	0.0411874719703952	0.371157547939065	0.247932937053746	0.00727363705083461	0	0.166019602054109	0	0.521637039026329	0.853861956490939
TCGA.BF.A3DL.01A	0	0.00351312500909164	0.0397132423539868	0.141029330030286	0	0.0898129825637011	0.287440964214101	0.225023557934526	0.0555535674043883	0	0.157913230489919	0	0.428510337143451	0.902737803418001
TCGA.EE.A29H.06A	0.0187133376641302	0.00719648557443296	0.0100229221086327	0.163120288657321	0	0.0340906337715507	0.192728668415934	0.234016543986988	0	0	0.34011111982101	0	0.585556985522144	0.809922510784594
TCGA.EB.A6QZ.01A	0	0.0538295600289556	0	0.112766952088957	0	0.102318041035321	0.248699984162906	0.339837159263116	0.0309905869670675	0	0.111557716453676	0	0.56260253528997	0.835343458487693
TCGA.XV.A9W2.01A	0	0.00176776926909893	0.0184394784815209	0.167527961987931	0	0.0762241025675202	0.194593297271163	0.368170111747927	0.0359154764960435	0	0.137361802178795	0	0.0892501030650022	1.06738845557722
TCGA.FR.A8YC.06A	0	0	0.0124123357434558	0.140403277394919	0.0459678204016804	0.0441734207954533	0.311373030270043	0.0341874695480932	0	0.0411083191521009	0.370374326694255	0	0.440919796965287	0.909172526001932
TCGA.DA.A3F3.06A	0	0.035454964437203	0	0.243486746383128	0	0.0520562198947896	0.243541528040365	0.279341320120024	0.00246725472678113	0	0.143651966397709	0	0.55724237293649	0.832867311950608
TCGA.ER.A2NB.01A	0	0	0.080556726143894	0.00689928344808012	0.0893548068133256	0.0741475319827671	0.338632561302003	0.0800558363066644	0.0813932662691574	0.0425866768088952	0.206373310925213	0	0.103889374516873	1.05379429292923
TCGA.EB.A3XF.01A	0	0.010673655093259	0.0235167744417013	0.120215474886819	0	0.0973759723425031	0.433639312793156	0.201113704046017	0.00724170801286826	0	0.106223398383677	0	0.355947365013247	0.938239305532701
TCGA.FW.A5DY.06A	0.188666223427104	0.0359672805100858	0.00432948460786829	0.00309587045791859	0.0572020077855196	0.0713367394763872	0.169741333268503	0.114332273182803	0	0.0841504511413505	0.27117833614246	0	0.497381170920035	0.867594001372494
TCGA.D3.A3MV.06A	0	0.00993938722557941	0	0.0564467850330748	0.0195714396150662	0.0738981824252298	0.331367529670586	0.383570977315456	0	0	0.125205698715008	0	0.556726015519784	0.835953863733795
TCGA.D9.A3Z3.06A	0.0531230683126335	0	0.0292941392039072	0.0801272417251976	0.0105589788718204	0.038088446427237	0.235875083024579	0.120739570733333	0.0159133358359505	0.00131193981773774	0.414968196047603	0	0.582792807123579	0.813973154330693
TCGA.YD.A9TB.06A	0	0	0.0107784078259788	0.0715884358207669	0.0139852172634743	0.0494589915211778	0.334523868897177	0.202301415744875	0.0337849302909407	0	0.283578732635609	0	0.664941162767707	0.760124904395267
TCGA.FS.A1ZP.06A	0.0203073124333696	0.038159380547113	0	0.0664742876783324	0.0122839093568611	0.0622805610626073	0.46238239031684	0.0168838102507085	0	0.0788093281360653	0.242419020218103	0	0.443707436983078	0.897597067317791
TCGA.FS.A1Z4.06A	0.120954516401426	0.0038322671870968	0.0396592893918928	0.107353314503945	0.00656128587200224	0.059669946830876	0.200945577851243	0.25186799604443	0	0.0186083280688181	0.19054747784827	0	0.498632670521564	0.867128724827562
TCGA.D3.A1Q1.06A	0	0	0.0122105472992361	0.114673607222167	0.0218156569950043	0.0551895242845165	0.308352362708407	0.322282334607403	0	0	0.165475966883267	0	0.415577041746761	0.910353750359275
TCGA.RP.A693.06A	0	0	0.00626616576237587	0.139930681730348	0.027772910296912	0.0302588656083645	0.359953682475153	0.0796220272983861	0	0	0.356195666828461	0	0.559067822897001	0.828968847423894
TCGA.ER.A19J.06A	0	0.0380107578801023	0	0.139165184306158	0	0.0748377839823675	0.398603861226724	0.107493197096788	0.0162454156529239	0	0.225643799854937	0	0.47838528890943	0.877375678212009
TCGA.D3.A3ML.06A	0	0.0538244937136489	0	0.205279167669206	0	0.0856954399307142	0.161818898420545	0.344830453580111	0	0	0.148551546685775	0	0.455825634714456	0.889682017634955
TCGA.EE.A2GB.06A	0	0.021166514343891	0.00248429010658859	0.143834789409078	0	0.0459555792440569	0.245171554086234	0.208479629166204	0.0104834944891847	0	0.322424149154763	0	0.590902464767661	0.806824583326935
TCGA.D3.A5GN.06A	0	0	0	0.109749572728006	0.0398008654160398	0.0625510167237727	0.238467535608124	0.275203986208796	0	0	0.274227023315262	0	0.542262821127134	0.839759722839387
TCGA.FS.A1ZT.06A	0.00784122506411757	0.0123010188357357	0.0194704554565999	0.170145664182648	0.0658998767652332	0.0516212259532984	0.266451813030432	0.0886141073907345	0	0.0128750928371012	0.3047795204841	0	0.47341740360781	0.881773864111168
TCGA.ER.A19M.06A	0	0	0.00167325708329499	0.258500955763743	0.0351141518556937	0.0629629966981444	0.365190708051207	0.150012114476535	0	0	0.126545816071381	0	0.633156051245556	0.790869943235634
TCGA.EE.A20I.06A	0	0	0.0169593971379514	0.143947419140472	0.0227978118156345	0.048433510369663	0.21430712378015	0.283709174990582	0.0063444244799787	0	0.263501138285568	0	0.590142389173726	0.809728631657415
TCGA.EE.A185.06A	0	0.035134306784264	0.00440546177868758	0.197077587693489	0	0.0312391316690679	0.120728533332634	0.346830857374382	0	0	0.264584121367475	0	0.472579423950828	0.884296354630614
TCGA.ER.A19H.06A	0	0	0	0.228109268194591	0.0122178059986762	0.0818837986501129	0.306600354251348	0.159277135398269	0.0110671606193189	0	0.200844476887684	0	0.567507877071268	0.827479340927675
TCGA.EB.A5SE.01A	0	0.0388224718934872	0	0.123367600782129	0	0.0827413975948721	0.166670295722975	0.239575695061175	0.0236792888052069	0	0.325143250140155	0	0.573464547857982	0.818711656319705
TCGA.GN.A267.06A	0	0	0.0294081528959953	0.276194148281742	0.0273801159742436	0.051713881552472	0.207312992801303	0.133194274148152	0	0	0.274796434346091	0	0.593691851764806	0.806767024073256
TCGA.EE.A3JE.06A	0.0211580777114589	0	0.0348581119078202	0.0888920386225733	0.0937251410433276	0.0350161896888294	0.312315002472681	0	0	0.174056798602371	0.239978639950939	0	0.446801327635306	0.894751532472705
TCGA.BF.A9VF.01A	0	0.0237701467626812	0.0208854885059627	0.196849422783857	0	0.0973463756628628	0.205483640256441	0.300675044875266	0.00800068091881602	0	0.146989200234114	0	0.3633348808057	0.936158087383598
TCGA.FS.A1ZA.06A	0	0	0.00296582224994076	0.029598421971276	0.0326236486614101	0.0579298877471206	0.277117471196856	0.239819501347611	0	0	0.359945246825785	0	0.533082746178659	0.846897732045334
TCGA.D3.A5GS.06A	0	0	0.0362295927412223	0.11420821233069	0.0575336240906166	0.101903729006242	0.389115306553754	0.0794898948407972	0	0.037760475476347	0.183759164960332	0	0.505548715841861	0.863755231280056
TCGA.QB.AA9O.06A	0	0	0.046139846768174	0.210977154372817	0.024097721350016	0.0583917030918827	0.290442245585014	0.131965078460596	0.023061762363174	0	0.214924488008327	0	0.477485804854634	0.877845888774491
TCGA.FW.A3TU.06A	0	0	0.0193810912429185	0.0160423828862964	0.020609338430691	0.0647777380588269	0.320962345754954	0.128794279035571	0.00596979598426296	0.0174195596623473	0.406043468944132	0	0.546920015967961	0.840749127198451
TCGA.ER.A19O.06A	0.00578621446972467	0	0.055501437379057	0	0.0541300588535734	0.0466275176602595	0.54124100759719	0	0.00774418972263643	0.122501386089282	0.166468188228277	0	0.462181385524151	0.886392426816807
TCGA.D3.A8GP.06A	0	0.04718022766238	0	0.199936200837603	0	0.0863630932241965	0.209670961745951	0.304272895343889	0	0	0.15257662118598	0	0.58258758653466	0.819826289383224
TCGA.EE.A2MQ.06A	0	0.0155114691453801	0	0.144409723860335	0.00387773886420068	0.0336004853763252	0.211421158430147	0.327169998518601	0	0	0.264009425805012	0	0.637594110869667	0.776835639522693
TCGA.D3.A2J6.06A	0	0	0.00667525208947263	0.273812283975991	0	0.0803525578356729	0.261508339829011	0.242306993668008	0.0259624141431264	0	0.109382158458719	0	0.570716934392831	0.826423055338583
TCGA.GN.A4U4.06A	0	0.0421210265810262	0.0277240101591057	0.222170573167217	0	0.0463405618668522	0.147184233795007	0.239181910900922	0.0201971809444594	0	0.255080502585411	0	0.482029804580504	0.876192572059686
TCGA.D3.A2J9.06A	0.0748842266542159	0	0.0315921968157785	0.0400766606401424	0.103959993868231	0.0587946230480692	0.261971530853726	0.0114139122251342	0.00142811990773055	0.25532439281217	0.160554343174804	0	0.42297225745088	0.905827176902654
TCGA.EE.A2MI.06A	0	0	0.0463139556210643	0.0738782490963816	0.054257028829611	0.0470707691761989	0.559877154209549	0	0	0.0852317456755395	0.133371097391656	0	0.571175574750218	0.82429530667429
TCGA.D3.A8GJ.06A	0	0	0.0607227280063418	0.11829366900097	0.119261529900251	0.0420242849319821	0.282686856556437	0.03408485874062	0.0162571216712142	0.0734697773778807	0.253199173814304	0	0.533919813945293	0.845784691360528
TCGA.GN.A9SD.06A	0.0970548357514958	0.0358251944026052	0.0476882066402293	0.105012124260857	0.0514682096076074	0.0960096038886984	0.25673243964767	0.0274925261122318	0	0.0537866435100768	0.228930216178528	0	0.553243796134568	0.83691084739009
TCGA.ER.A197.06A	0	0	0.0311871221740976	0.174351056993242	0.0630203426893509	0.0536184733509174	0.519090918864012	0.00993169720519781	0	0.0788086855849636	0.0699917031382182	0	0.573685350143595	0.824841556848518
TCGA.GN.A4U9.06A	0	0	0	0.108881104277675	0.0177486790691204	0.0390826039901296	0.219146631890369	0.53401606460848	0	0	0.081124916164226	0	0.59906972937123	0.804099755679987
TCGA.EE.A20C.06A	0	0.09572050270896	0	0.180092712037775	0	0.0609290567133446	0.317448292106914	0.207413033495492	0.0194990729680338	0	0.118897329969481	0	0.491918975858283	0.871298772956316
TCGA.D3.A3C3.06A	0.0110277868750273	0	0.0253949395803607	0.113933992898956	0	0.0648396468098097	0.250313673892499	0.372815480044247	0.0104364617825491	0	0.15123801811655	0	0.575180914664229	0.824522761075522
TCGA.FS.A4FD.06A	0	0.00388069964857364	0.0210413950964743	0.243158232746687	0	0.0823104935475735	0.218115710677355	0.27558926160276	0	0	0.155904206680577	0	0.595536599626486	0.810875221717368
TCGA.EE.A3JI.06A	0	0.0617573848546544	0	0.20864386207855	0	0.0429308593362392	0.270294718757948	0.276771384646263	0	0	0.139601790326346	0	0.423816886703407	0.906199013302516
TCGA.EE.A3J8.06A	0	0.110733890285016	0	0.218820862834751	0	0.0740432165868299	0.244445953582949	0.257016034410068	0	0	0.0949400423003855	0	0.418394246451983	0.908059822114033
TCGA.EE.A20B.06A	0	0	0.0132206389101996	0.0591692499501541	0.0692239563553912	0.0389160924877355	0.340273652626162	0.0292446787892139	0.0302994264769373	0.0452517515826553	0.374400552821551	0	0.539419177696779	0.843200423025693
TCGA.BF.AAP8.01A	0	0.00661104754078631	0.0435581729264329	0.0962133405666288	0	0.127109830062467	0.322627170801009	0.0877286440076367	0.0655070523566146	0.0228272674876722	0.227817474250752	0	0.468605207008473	0.882605182823358
TCGA.FR.A44A.06A	0.00275889616196716	0	0.0153436687158702	0.0756031165586407	0.0974945422093792	0.0429223728691705	0.466141161813816	0	0.00382330432381713	0.215739518578314	0.0801734187690258	0	0.570897340891679	0.826981076723338
TCGA.EE.A29E.06A	0	0.0256769181980057	0.0338597849566718	0.235396852389505	0	0.0685543496236335	0.173480933364327	0.350924093093324	0.00897658562496989	0	0.103130482749563	0	0.509614275540019	0.859823151385474
TCGA.EE.A2MC.06A	0	0	0.0467641087714274	0.0715253893271154	0.110050765930251	0.0309565973250082	0.44445123019243	0.0620350910015965	0	0.0715699135795158	0.162646903872656	0	0.493925210749778	0.869199773596156
TCGA.ER.A3ET.06A	0.00614236874938652	0.00742521350969914	0.0376476251414802	0.0774941474473557	0.00037585341981041	0.0409385732711401	0.457641915793192	0.115103764240769	0	0	0.257230538427167	0	0.635435551384231	0.779192639025094
TCGA.EE.A2MG.06A	0.136399035911112	0.0285859931376111	0.0339879926423581	0.0523818978454027	0.0613498281435627	0.118194000128728	0.258226055069298	0.0746347792637062	0	0.0553018859467763	0.180938531911445	0	0.567300183579213	0.832333024604451
TCGA.D3.A2JN.06A	0	0	0.045456642236302	0.055725340359948	0.0341082074318243	0.0320388017473818	0.18809042644883	0.153964845699343	0.0408804139939014	0	0.44973532208247	0	0.577358435159294	0.820574732116129
TCGA.EB.A3XE.01A	0	0	0.0442025232711083	0.00939605390828478	0	0.121815831492458	0.263983396064395	0.112389274436464	0.0872885154888739	0.0656953328452997	0.295229072493116	0	0.217114197575517	1.01890956986286
TCGA.ER.A19W.06A	0.00742283553300277	0	0.0081161076170344	0.102833975103181	0.121572358010532	0.0672924544956582	0.347141960345043	0.155910019942961	0	0.0963218577533431	0.0933884311992443	0	0.532470131846497	0.851239926303779
TCGA.BF.A1PZ.01A	0	0	0.0256529947391416	0.162571784777114	0.00518178321483064	0.0383954767980526	0.187988698117307	0.289423869080292	0.0252041924449379	0	0.265581200828324	0	0.664874999885585	0.759077025272275
TCGA.D3.A8GD.06A	0.079636699272182	0	0.0585107123834239	0.0736190035987435	0.0584103629007574	0.0526199916182234	0.225889035502458	0.136082803020215	0.0198025838715227	0.0929687926302536	0.202460015202221	0	0.505893559450535	0.863902473358886
TCGA.D3.A8GR.06A	0	0	0.038705865658502	0.0612079652975465	0.0128524830420567	0.109333626155416	0.260973638527898	0.3186085101225	0.0178050725248779	0	0.180512838671202	0	0.202397713557868	1.00878205803068
TCGA.EE.A3AB.06A	0	0	0.0321801125534955	0	0.0256902063666996	0.0281369606925926	0.562416860372024	0.0368175155659382	0.00645637188296242	0.0436441264516522	0.264657846114636	0	0.593901460941647	0.804281889128868
TCGA.D9.A148.06A	0	0	0.0469158450532596	0.146564674528041	0.00122177068892034	0.0579057932423311	0.212312928719641	0.0704309289232834	0.025265026022287	0	0.439383032822237	0	0.669337492673602	0.742412290977329
TCGA.EB.A6R0.01A	0	0	0.00609319868990759	0.278011111232022	0.0303222160885619	0.0365299960115547	0.261375174088828	0.190070628989407	0.0278227227700181	0	0.1697749521297	0	0.65324443651813	0.774429681446439
TCGA.D3.A3CB.06A	0.0491936486538468	0	0.0618170649753201	0.0841318722174637	0.0989289166772773	0.0448297874193063	0.299387335460038	0	0	0.115301937835956	0.246409436760792	0	0.397867108364873	0.920519163542816
TCGA.EE.A2GK.06A	0.397637004507304	0.00572342579505613	0.0544333729677351	0.0635980813035985	0.0516356571728643	0.112089604241233	0.133177094799234	0.0381435962382163	0	0.0625455241534146	0.0810166388213439	0	0.59704456674044	0.804149275499752
TCGA.EE.A181.06A	0.0327416259158395	0	0.0152249847629631	0.172383221606024	0.0523936427126436	0.0518828508442563	0.280205300314819	0.154321973041011	0	0	0.240846400802444	0	0.50198591517948	0.864213647949641
TCGA.ER.A2NE.06A	0	0.037690642685361	0.0219580691958672	0.258105075194163	0	0.0506640984422442	0.168618406512645	0.327613630056634	0.0329844759236358	0	0.102365601989449	0	0.52206742525137	0.852462131583861
TCGA.WE.A8K5.06A	0	0	0	0.107923343945981	0.0167498368202664	0.0846816299084386	0.237615448589383	0.425356243847197	0.00267799758182286	0	0.124995499306911	0	0.619450856938397	0.79799443364255
TCGA.DA.A1IC.06A	0	0	0.0214289026376156	0.129475099170366	0.0461110585552889	0.0789437156217457	0.322367857755595	0.191474655198393	0.0546166707140359	0	0.15558204034696	0	0.469295251984394	0.882772497712968
TCGA.D3.A51G.06A	0	0	0	0.199762172899527	0.00197606103011288	0.0729899429634067	0.240855096903277	0.393801342672546	0.00882583691576452	0	0.081789546615366	0	0.568522166251	0.825495358338668
TCGA.BF.A1PV.01A	0	0.0417843350398544	0	0.208191036943186	0	0.0623097059852724	0.153160603800955	0.296192922128083	0.00177242854644619	0	0.236588967556202	0	0.422899680174487	0.910278782166676
TCGA.FS.A4FB.06A	0	0.0295457613925625	0.000866841731780985	0.151238073879465	0	0.0279026279993118	0.247940463000111	0.394262336206714	0	0	0.148243895790055	0	0.387555774491045	0.927382108523645
TCGA.BF.A1Q0.01A	0	0	0	0.162397985551527	0.0140744587588941	0.0400590134108183	0.199955206871654	0.39282908376651	0.0289528926834009	0	0.161731358957196	0	0.498378407451446	0.866157440755079
TCGA.FS.A4F8.06A	0.101513311504875	0.034797759562114	0.0539578098589052	0.0899693208350314	0.0780049162689343	0.0658399161128904	0.227951848139663	0.102425133690289	0	0.0130829124247311	0.232457071602567	0	0.406639925431194	0.914771976813959
TCGA.FS.A1ZY.06A	0	0.0464248756968354	0.00467949281529288	0.2102142679665	0	0.0861156452129063	0.211790240345663	0.305576025561753	0	0	0.13519945240105	0	0.338970583167225	0.948648900287129
TCGA.ER.A19E.06A	0	0	0	0.123756294944893	0.0311431809892278	0.0226028828640783	0.246953644004819	0.45103348702259	0	0	0.124510510174393	0	0.438263239485833	0.900458989346374
TCGA.GN.A26D.06A	0	0.0293842796096764	0.020387591295264	0.140006537533652	0.00787455618681719	0.070162264462854	0.239241194875006	0.298214689159144	0	0	0.194728886877586	0	0.598115616628544	0.81050143621738
TCGA.D3.A3MO.06A	0	0.0327201865034191	0.054143916370639	0.137678786147979	0	0.0875121529160911	0.283154370933094	0.310407205086574	0	0	0.0943833820422035	0	0.497660839621771	0.868648929043215
TCGA.EE.A2GJ.06A	0.0132781066874983	0	0	0.0960955532231017	0.0457246750883439	0.0506521483077733	0.525809352866321	0.155390711469626	0.00347615411213757	0.0605056150391833	0.0490676832060143	0	0.571624668191533	0.825570788125415
TCGA.D3.A3C6.06A	0	0.0378147340325681	0	0.183110259022834	0	0.022073880146374	0.233371358089883	0.448424117140882	0	0	0.0752056515674594	0	0.576794120452436	0.818133298854262
TCGA.3N.A9WD.06A	0.042311243592337	0	0.028631140639584	0.0843244071778023	0.034798054278224	0.0720375406789969	0.216792087355911	0.0872951762491778	0.0491374610127307	0.017131248687646	0.36754164032759	0	0.497310573092132	0.871148764315655
TCGA.D3.A2JC.06A	0	0	0.0561609500340005	0.125728968894748	0.0663219270035466	0.0474225048756638	0.355583541846286	0.0795490918725763	0	0.0154954898810451	0.253737525592134	0	0.558422244413397	0.831495446708207
TCGA.FR.A7UA.06A	0.0177860623601154	0	0.0454708504474374	0.0551650550204827	0.134155393342906	0.0260920640754768	0.304414588560773	0	0	0.225226903471496	0.191689082721313	0	0.423457370288539	0.907085421902682
TCGA.GN.A26A.06A	0	0	0.0563563896201322	0.130852698206376	0.0255283272724845	0.0332224524228075	0.62366624529176	0	0	0.0618715606752174	0.0685023265112223	0	0.532974166093047	0.845591671576378
TCGA.D3.A1QA.06A	0	0	0.00503465548896651	0.150511842974436	0.0530742110620182	0.0513204654215375	0.252166296907725	0.290326231457248	0	0	0.197566296688068	0	0.529205113878964	0.84895304897286
TCGA.D9.A6E9.06A	0	0	0.0605118463535195	0.0704157417059561	0.0988631930042312	0.0372259618537591	0.372813144739058	0	0	0.119902909262153	0.240267203081323	0	0.517080867827736	0.855594821041061
TCGA.EE.A184.06A	0	0	0.0434179257484995	0.108647127740435	0.0475361544683193	0.0500447470303692	0.250720800239976	0.135089513140488	0.0170689675955564	0	0.347474764036356	0	0.468919628718235	0.887380749883862
TCGA.DA.A95W.06A	0	0	0	0.10710699137946	0	0.0978956114360398	0.238425794439394	0.282438638836644	0.0342266796635362	0	0.239906284244926	0	0.500491350587758	0.864988725951011
TCGA.EB.A3Y7.01A	0	0	0.0430043844370868	0.0945174178511964	0.0261484695863178	0.0881758978682226	0.198748113394025	0.353949230222242	0	0	0.195456486640909	0	0.477922320428049	0.877605735801179
TCGA.EB.A97M.01A	0	0	0.0392304559510388	0.0849449337720913	0.00457236205240989	0.0927543580056587	0.300743295375748	0.208914432713908	0.0578685801956331	0	0.210971581933512	0	0.649212440383409	0.784139192637149
TCGA.EB.A6L9.06A	0.0957578890357136	0	0.0477555772277508	0.0612250214020925	0.0785578262103952	0.104845163057521	0.178143813290378	0.10868389100867	0.00840426315937943	0.00219944189646314	0.314427113711637	0	0.556218188999365	0.830335261265437
TCGA.BF.A3DN.01A	0	0.0348597004736159	0.000810488788127614	0.14003127942116	0	0.0694694242564216	0.379969957641741	0.241844950992204	0.0319043036612979	0	0.101109894765432	0	0.429739093722231	0.902266283000218
TCGA.EE.A29B.06A	0	0.0157936119937823	0.0124873013533434	0.20734623708278	0	0.0733730655755251	0.286981956830977	0.311975170362047	0	0	0.0920426568015455	0	0.597645189139272	0.811337207918626
TCGA.GN.A4U8.11A	0.149706711299232	0	0.0476244149774961	0.0906520841068159	0.0747328454117785	0.0592194177064941	0.272648202361038	0.0511784444321682	0	0.0995018981735253	0.154735981531452	0	0.464474889646224	0.885661786232674
TCGA.FS.A4F9.06A	0	0.0253563198043724	0	0.205112820110167	0	0.0263288013714015	0.154849822078455	0.451093885366942	0	0	0.137258351268662	0	0.610516439104695	0.794698232053159
TCGA.EB.A41A.01A	0	0	0.0325617480801834	0.143510786079072	0.0218457909077646	0.0836900772480752	0.20960540731112	0.254223356979635	0.0264304273569464	0	0.228132406037204	0	0.450455644771839	0.892502726040015
TCGA.Z2.AA3S.06A	0	0.00399657895928458	0.00335405960020331	0.217948214882557	0.0157723159233529	0.054131029470863	0.210168063313812	0.29619059104975	0	0	0.198439146800178	0	0.62628669896144	0.788585129213239
TCGA.EE.A2GC.06A	0	0	0	0.100812483780593	0.0670659116458218	0.0704422801889689	0.29772849139004	0.00220938058498896	0	0.159485764028741	0.302255688380846	0	0.457278086423183	0.891373748984489
TCGA.D3.A2JA.06A	0	0	0	0.0740104343739477	0.00977225781545483	0.0674764867584053	0.491396487932581	0.133986695652327	0	0.0725532098694803	0.150804427597803	0	0.557828540138644	0.833400750163508
TCGA.EB.A430.01A	0	0.0116537824186317	0.00162222419686578	0.132361812120688	0	0.0665715747824727	0.204254434742638	0.187796737135884	0.0586597654027507	0	0.337079669200069	0	0.568406144874068	0.822046794598833
TCGA.EE.A17Y.06A	0	0.01991985928381	0	0.106963658732521	0	0.0179304484334895	0.212553564268689	0.315493568393953	0	0	0.327138900887537	0	0.646680058603522	0.76558225729784
TCGA.EB.A5SG.06A	0.00149116152740634	0	0.0486871262590808	0.0885450433623172	0.0928897430366749	0.0339071541394522	0.302777755465874	0	0.00875728737108031	0.129979564537757	0.292965164300357	0	0.454206094115916	0.89268688429514
TCGA.YG.AA3N.01A	0	0	0.050103955394857	0.0885480200321083	0.0841881116843014	0.0560541078869031	0.378377841749243	0	0	0.119325079821394	0.223402883431193	0	0.448214276475103	0.893508280652269
TCGA.DA.A1HW.06A	0.0118420443762663	0	0.052144644505479	0.220526197735232	0.0310951282078223	0.0401126152889258	0.288016352973266	0.0713764606998346	0.00676806832184176	0.0222099836380321	0.255908504253301	0	0.475344653108777	0.879182982547873
TCGA.EE.A29Q.06A	0	0.0362274319414081	0	0.106759728647422	0	0.0342355605886698	0.28068312191245	0.253957354661822	0.0185260000281495	0	0.269610802220078	0	0.59245259061651	0.808675989589705
TCGA.EE.A3J5.06A	0.00807915179173007	0	0.021380265989711	0.104849920216389	0.0713227281595915	0.0771417154013718	0.323096117077815	0.146684248352899	0	0.0290241619534236	0.218421691057069	0	0.4823896374375	0.875330216592203
TCGA.FS.A1YY.06A	0	0.0231837694618624	0.00768857716521666	0.14097500913222	0	0.0332652270580372	0.480332027433023	0.222649532855493	0.00153366942345288	0	0.0903721874706942	0	0.521639183402923	0.853164498231478
TCGA.DA.A3F2.06A	0	0	0.0351848155901383	0	0.0745054540221057	0.0378287526075689	0.349302417557336	0	0	0.140940331346233	0.362238228876618	0	0.450728218540245	0.902239719051513
TCGA.BF.A5ER.01A	0	0.0143261965328752	0	0.111000612665803	0.0132808830081847	0.0552537455624334	0.231267425533912	0.411560727697202	0	0	0.16331040899959	0	0.491627079849036	0.870015035834121
TCGA.IH.A3EA.01A	0	0.0479251972881486	0	0.155592919705027	0	0.0845648934461258	0.345194827272621	0.251899153546011	0.0118580435134504	0	0.102964965228616	0	0.511755603062084	0.861161761584037
TCGA.D3.A51T.06A	0.0102896157284024	0.0110194885306456	0.0406030231955073	0.19327099241916	0	0.0323358879258842	0.303527485189045	0.0799662364757865	0.0304791434197601	0	0.298508127115809	0	0.594016808144456	0.806537623231433
TCGA.RP.A694.06A	0	0.00378461832913534	0.0025305786866139	0.210605208928025	0	0.0342697650881952	0.330413784747121	0.129242369348525	0	0	0.289153674872385	0	0.457405061196842	0.89227413236892
TCGA.GN.A265.06A	0	0	0.0570255038587401	0.0389716577464343	0.0528397768963733	0.0460182861865594	0.382131161471759	0.116658019914542	0.00968134593834365	0	0.296674247987247	0	0.501215101492932	0.86495702738247
TCGA.EE.A2MS.06A	0	0	0	0.11987834898651	0.0415225238805901	0.0403188761323663	0.224458631568636	0.324702163955311	0	0	0.249119455476586	0	0.439900503117718	0.900350660184841
TCGA.EB.A3XD.01A	0	0	0.0965079686283299	0.00624600896694563	0.0989237919232395	0.0899254885245436	0.380177522976568	0	0.0358986789007033	0.0328319116127461	0.259488628466924	0	0.372412771921037	0.936152617297209
TCGA.ER.A194.01A	0	0	0.0137519901165733	0.0799706843856147	0.0450589144660674	0.129314578993997	0.387316465902383	0.0692283963348683	0.0295909659629451	0.112471608150918	0.133296395686633	0	0.341862282926852	0.942665691559716
TCGA.EE.A3J4.06A	0	0.00304614945010285	0.00582812025815997	0.114478351465121	0.00872637310203976	0.0835798196110868	0.28291202065441	0.330973450375106	0.0188737351268857	0	0.151581979957088	0	0.455261288472495	0.889533427012571
TCGA.EE.A2MH.06A	0.100987158501032	0	0.0505956365640392	0	0.0535046136126008	0.0765074067567855	0.238646208892786	0.238359233905143	0.000551111218495318	0.00766714101724708	0.233181489531871	0	0.529599960129134	0.849596831597827
TCGA.D3.A8GO.06A	0.0653461279007443	0.0324746232428699	0.0120736095081919	0.0176868688439257	0	0.0657030287663854	0.192253472798319	0.0528080124252911	0.0179327282024353	0.0875987848223311	0.456122743489506	0	0.476740371118458	0.904032342433163
TCGA.D9.A3Z4.01A	0	0.0561063801081964	0.00876632336812619	0.130948055809967	0	0.0863176462001882	0.295986288095269	0.104817670984934	0.0213532260093925	0.0123107339176422	0.283393675506285	0	0.392602184568648	0.925936606127933
TCGA.GN.A266.06A	0	0.0160526938848656	0	0.0955790480957526	0	0.0571367319579975	0.498733276261853	0.0389004538682965	0	0.126195482337682	0.167402313593552	0	0.524433185829761	0.851943058225795
TCGA.GF.A6C9.06A	0.0617440385158074	0	0.0486326795951661	0.0509724382522596	0.0303547724034855	0.0463063347861142	0.311251244900867	0.104099748077658	0.0492485515909198	0	0.297390191877722	0	0.530167285844974	0.847170667960219
TCGA.FS.A1Z3.06A	0	0.0686340274124618	0.0111467159041551	0.217370246024316	0	0.0954348590926884	0.269281612281465	0.204339265478576	0.0238419664010176	0	0.109951307405321	0	0.494466223718698	0.870419856348991
TCGA.ER.A19G.06A	0	0	0	0	0.0623646020337657	0.0603262852686343	0.326973371037153	0.350061380927387	0.0123469336051712	0.0235787518154379	0.16434867531245	0	0.548348794187882	0.841135253016736
TCGA.EB.A5UL.06A	0.0156621017158699	0	0.0244005303211879	0.178955978735246	0.0419833189998737	0.0580883474237026	0.175795418606735	0.254650253955824	0	0	0.250464050241561	0	0.506406988829627	0.861502292128131
TCGA.FW.A3R5.06A	0	0.0431658250295677	0	0.222512937411248	0	0.0558848379493782	0.227334747415179	0.291442510694673	0.00510972340872345	0	0.154549418091232	0	0.704331954670948	0.743572805884011
TCGA.EB.A42Z.01A	0	0.0314526371166316	0	0.0925740303743656	0	0.0937343950487185	0.296919988796244	0.23717710230455	0.0621042306345293	0	0.186037615724961	0	0.559089003797917	0.835901701366114
TCGA.EE.A2MP.06A	0	0	0.0450270504341637	0.161708463046639	0.0288727846468567	0.0736626099518841	0.507314040331939	0.0303361337172874	0	0.0619815694697265	0.091097348401504	0	0.593571394275085	0.81528698846236
TCGA.D3.A1Q3.06A	0.0351461292722701	0.0268248287997659	0.00889587680876779	0.107301062783399	0.0652512861860982	0.0556474541340861	0.24162173212348	0.167067496047359	0	0	0.292244133844773	0	0.591323062638693	0.809102759402141
TCGA.FS.A1ZZ.06A	0	0.0286141870071186	0	0.162118520494238	0	0.0781444127854101	0.199553958587657	0.228456353743918	0.0209400266368071	0	0.282172540744851	0	0.484326097962209	0.874882518699702
TCGA.EB.A82C.01A	0	0.037202521842449	0.00751523233081421	0.159854806561686	0	0.08474768456483	0.157847794487567	0.306732912716689	0	0	0.246099047495964	0	0.452649462301929	0.89273743465538
TCGA.D9.A1JX.06A	0	0	0	0.107264442757045	0.0998934138438393	0.0499228398841586	0.259039642020332	0.193656134448767	0	0.0547135584730655	0.235509968572792	0	0.531973501010541	0.847253946831262
TCGA.EE.A29X.06A	0	0	0.0305305962736002	0.101681572688792	0.00346425553653598	0.0571653693631124	0.393887928932565	0.129504725756138	0.0263465480609621	0	0.257419003388295	0	0.476550094528937	0.878849153039653
TCGA.D9.A4Z3.01A	0	0.00978746935105185	0	0.165706388437203	0	0.0316810796811379	0.364294265392442	0.3451997459435	0	0	0.0833310511946649	0	0.57071320819152	0.82420998154441
TCGA.EE.A183.06A	0.0630029900143411	0.000149505137177111	0.0224353494666383	0.0822886426838633	0.0374403259257089	0.0806669400754193	0.210571213427557	0.184294041477904	0.036680764387048	0	0.282470227404343	0	0.569461509804893	0.823538357233858
TCGA.D3.A1QB.06A	0.0136138159290138	0	0.0580705154613902	0.105314997914357	0.108745201606019	0.0558983351888291	0.269798427514497	0	0	0.144744602868116	0.243814103517778	0	0.485135165563054	0.873635149162098
TCGA.EE.A3AH.06A	0	0.0216178544525999	0.0138870406771442	0.0799916802712194	0.0246329559340375	0.071227507230579	0.210613126666131	0.362230765596889	0	0	0.2157990691714	0	0.30224165602206	0.969561004866819
TCGA.EB.A41B.01A	0	0	0.0264324906333707	0.124892572965018	0.0612666357052255	0.0829683063989417	0.225968016833887	0.365912540267438	0	0	0.11255943719612	0	0.506215137070702	0.863059960668609
TCGA.WE.A8ZT.06A	0	0.037211725159169	0.0244040586953975	0.128898442638116	0	0.0372989431770805	0.284109185777597	0.240141418905629	0.00566828749422304	0	0.242267938152788	0	0.220636866878542	1.01202229882135
TCGA.EB.A4IS.01A	0.0708761713439191	0	0.0539243909475505	0.0873659006136168	0.093052086566229	0.0509711498176912	0.21036183584268	0.102339310757923	0	0.025405627147889	0.305703526962502	0	0.409464493080416	0.919101472813607
TCGA.EE.A3AG.06A	0	0.00259323486888512	0.0104262580390635	0.145847440806631	0.0227878555856161	0.0580070688923544	0.215229917216547	0.41899922993161	0	0	0.126108994659293	0	0.529966149535005	0.848243619166717
TCGA.DA.A1I4.06A	0	0.0317991708895465	0	0.0342768926535985	0	0.0689091884855149	0.664517156509601	0.103848231782258	0.0225215714364611	0.00301087840546142	0.0711169098375591	0	0.650736287840732	0.766762461845189
TCGA.GN.A8LL.06A	0	0	0.0159029389393046	0.0923024764794745	0.0146947857399434	0.071637867584451	0.176925859815378	0.210509571553031	0.0359975000471427	0	0.382028999841274	0	0.557367424517546	0.830783880444741
TCGA.EE.A3J3.06A	0	0.00539574327695814	0.0181363570616605	0.129278856328756	0	0.0581820651783733	0.309237505643041	0.265324399312834	0.00669949234200407	0	0.207745580856373	0	0.502429784549627	0.864081481844863
TCGA.EB.A51B.01A	0	0.00743909318091435	0.00789662915706008	0.210998977152801	0	0.0689952611176845	0.196169889858655	0.382787483363447	0.0699071055885542	0	0.0558055605808839	0	0.450580830045566	0.892863672429117
TCGA.D3.A8GC.06A	0	0.00778603678886035	0.0107995109102884	0.0821938957384103	0.00971361551386162	0.0264553551027091	0.328282271069498	0.184381343812621	0	0	0.350387971063752	0	0.555093315263588	0.831487210588358
TCGA.BF.A5EP.01A	0	0	0	0.0814700819994012	0.0351586111252514	0.0891753445768663	0.207114880884771	0.431455124489097	0	0	0.155625956924613	0	0.525104805156105	0.851798287557593
TCGA.W3.AA1Q.06A	0	0.0185162775151159	0.00715856400434681	0.0812910902888039	0.0340545716298272	0.095019450307881	0.241991601239161	0.0774965629203926	0	0.133020089028331	0.311451793066141	0	0.504254913864205	0.86313281070106
