geneSymbol	B.cells	CD4.T.mem.cells	CD4.T.reg.cells	CD8_B.cells	CD8_G.cells	Dendritic.cells	Monocytes.Macrophages	NK1.cells	NK2.cells	NK3.cells	Plasma.cells
A2M	0.15	1.11	0.3577	0.821	1.3425	0.2557	5.5368	1.4101	1.9908	1.3543	0.0025
ABCB1	0.3793	0.3673	0.1006	1.6339	1.3491	0.1499	0.0967	1.0219	0.7417	1.5214	0.0548
ABLIM1	3.4326	4.3296	2.0436	2.9981	3.7246	0	0.1354	2.6046	3.4248	3.5897	0.2958
AC017002.1	0	0.1051	3.8974	2.2585	0.2723	0.0472	0.3287	2.9803	0.5102	2.2822	0.1864
AC023590.1	2.1654	0.0561	0	0.0469	0	3.2019	0.468	0.3686	0.1358	0.045	0.1913
AC069363.1	0.0184	0	0.1561	1.1536	0.3636	0.06	1.3456	0.3684	0.1344	1.6579	0
AC092580.4	0	0.7265	0.7531	2.3451	1.31	0	0.1387	1.8411	1.1643	3.2231	0.0648
AC096579.7	4.4445	0	0.1029	0.0266	0	9.7027	0.0114	0.3526	0.1865	0.0742	8.9128
AC145110.1	0.1023	0	1.4984	0.1278	0	0.0723	0.1326	0.3198	0.1799	0.0502	0.0041
ACVR2A	0.3387	0.7435	0.5956	0.0489	0.4659	0.4011	2.1676	0.1171	0.6648	0.1432	0.303
ADAM28	6.2419	0.2075	0.2258	0.058	0.2458	0.7997	2.6762	0.5133	0.4429	0.5113	2.359
ADAP2	0.2474	0	0.028	0.0051	0.0152	0.2869	4.7959	0	0.0746	0	0.0635
ADRB2	0.4773	0.3721	0.1427	0.3248	1.1927	1.0248	2.1656	0.3284	1.6744	0.1379	0.6768
AE000661.37	0	0.3337	0.1603	0.2422	0.1242	0	0.0346	0.6244	1.3292	0.847	0
AFAP1L2	0.6164	0.0402	0.3846	2.5717	0.3482	0	0.0918	1.5177	0.1194	2.3779	0.0556
AFF3	3.6341	0.7008	0.7511	0.1841	0	3.4938	0.0162	0.3766	0.3181	0.5976	0.0166
AGPAT4	0.2906	0.299	0.1427	0.3284	0.416	0.6868	1.43	0.5457	0.8337	0.1305	0.2283
AHNAK2	0.1907	0	0	0	0	1.5804	0.522	0.0415	0	0	0
AIM1	1.3482	2.0868	2.0044	1.9822	2.1973	0.6804	3.0957	2.5575	1.5485	2.3446	0.2135
AKAP5	0.2332	0.0965	0.4184	1.3748	0.0924	0	0.0829	0.89	0.1792	0.6617	0.0533
AL928768.3	1.0772	0	0.069	0	0	0	0	0.166	0.1854	0.0734	2.8581
ALDH3B1	0.0719	0.0696	0	0.0381	0.024	0.354	4.5079	0.0933	0.1417	0.1023	0.0014
ANK3	0.5207	1.8333	0.4981	0.1136	1.3832	0.1646	0.1075	0.1448	1.3997	0.476	0
ANKRD28	0.9176	0.8055	1.0202	1.938	0.9521	0.771	2.5076	1.0543	1.3243	1.1124	4.1684
ANKRD36BP2	0.3278	0.2441	0.212	0.1061	0.0949	0.1198	0.0283	0.1897	0.1764	0.086	3.8284
ANPEP	0.0413	0.0254	0	0	0	0.0848	6.1396	0	0	0.0045	0.0283
ANXA1	0.1644	6.6561	1.79	5.7083	8.101	1.0773	9.0648	3.7984	6.3324	4.1962	0.2241
AOAH	0.1242	1.0881	0.4915	1.8487	3.933	0.1304	5.0944	1.4661	3.7793	2.8507	0.1854
AP3M2	0.4466	1.405	1.1706	1.4473	1.3461	0.1895	1.7843	2.3358	0.7412	0.9182	0.1645
APBA2	0.0596	0.4639	0	0.1623	1.3337	0	0.0227	0.0902	0.8507	0.2092	0.0241
APP	0.2713	0.7208	0.1889	0.2976	0.2312	6.7223	4.2157	0.5448	0.3445	0.0374	0.1058
AQP3	0.1546	2.5823	2.7217	0.3655	1.47	1.089	2.7291	0.952	0.7153	0.7766	2.8427
AQP9	0	0	0.0058	0	0.1047	0	3.4842	0	0.0781	0	0.0164
ARHGAP24	4.964	0.0326	0.3286	0.0698	0.1489	2.3261	0.9581	0.285	0.3252	0.1589	0.0866
ARHGAP26	0.5014	0.7133	1.1352	1.757	2.6233	0.5619	2.7868	1.2641	1.4414	1.5572	0.4253
ARHGEF10L	0	0	0	0.0403	0	0	4.7466	0	0.0104	0	0.0183
ASF1B	0.1482	0.0836	0.4113	5.6724	0.0209	0.0593	2.8129	5.9097	0.1209	0.2481	0.3252
ASPM	0.1947	0	0.164	3.0772	0.0015	0.0378	1.1119	3.7192	0.2023	0.2629	0.1284
ATXN7	1.0794	3.1365	1.9412	1.6302	2.6639	0.6208	1.1617	1.7481	2.4006	2.6532	0.241
AURKB	0.3945	0	0	5.448	0	0	2.6202	6.1794	0.0752	0.5067	0.2066
AUTS2	1.0653	0.6708	0.081	0.0992	1.3439	0.9887	0.2251	0.1134	1.0695	0.0836	0
B3GNT7	0.8939	0	0	0.0378	0.3922	0.4586	2.098	0.1684	1.686	0.5111	0.0448
BANK1	6.3243	0	0.0098	0	0.1018	0.6168	0.2939	0.2676	0.1616	0.0087	0.43
BATF	0.9291	2.3085	8.0506	6.1516	1.6144	0.3125	2.6834	6.4878	2.1014	4.649	0.3339
BCL11A	7.0076	0.0347	0.217	0.0077	0.0167	9.5319	1.3263	0.3467	0.1454	0	0.1321
BHLHE40-AS1	0	0.3366	2.0032	0.7891	0.1549	0.2744	0.4206	1.6414	0.5373	1.2941	0.0038
BIRC5	0.4672	0	0.1778	5.3583	0	0.0074	2.9375	5.8246	0.0639	0.3472	0.335
BLK	3.6643	0.0991	0.0318	0.0262	0.0622	0.7793	0	0.1779	0.0379	0.137	0.2134
BLNK	6.1996	0	0.1684	0.0859	0.0921	6.7786	2.6433	0.354	0.2563	0	3.628
BTK	4.1648	0.0834	0.0592	0.1213	0.0922	4.5379	5.524	0.3345	0.1631	0.0249	1.6873
BTLA	1.9768	1.2753	2.5864	1.7409	0.6745	2.6362	0.0652	2.0298	0.5238	1.6772	0.3734
C14orf64	0	1.379	1.0226	0.7172	1.1912	0.12	0.0548	1.191	0.5004	1.3213	0
C15orf48	0	0.0666	0.0199	0.0722	0	0	6.3499	0.1825	0.1908	0.2319	0.0117
C1orf186	1.1045	0.0517	0	0.008	0.0295	5.2107	0.0126	0.1155	0.0106	0.037	1.3476
C1orf21	0	0.0305	0.1686	1.1016	0.5267	0.8425	1.8624	1.0514	1.2919	0.267	0.0188
C20orf112	0.5868	3.2798	2.2495	1.2047	3.0738	0.453	2.8425	1.5615	3.3557	1.8788	0.3638
C5AR1	0.2676	0	0.0782	0.1132	0.0885	0	3.7524	0	0	0.0609	0.0052
CADM1	0	0.1678	1.2097	2.9258	0.1901	0	1.2879	3.3976	0.2709	3.0179	2.3544
CAMK4	0.7686	3.4569	2.103	3.0279	3.8061	0.1294	0.1489	2.986	2.2269	2.4547	0.395
CASC5	1.1143	0.2372	0.1433	3.7172	0.0231	0.1524	1.8233	4.3902	0.1396	0.293	0.1912
CBFA2T3	0.8857	0	0	0	0.0106	3.4002	0.226	0.0717	0.0388	0	0.4858
CCDC109B	1.2656	2.6244	1.8064	2.2869	2.6398	1.396	4.2336	3.9313	2.0075	1.7184	0.2116
CCDC64	0.4132	1.6746	2.1776	2.6194	2.2548	0	0.0924	2.7762	1.1293	3.3947	0.0021
CCL3	0.2081	0.1323	0.5744	4.4698	0.8147	0.5833	8.7258	2.3421	1.0687	3.7912	0.0817
CCL4	0.1151	0.0243	1.0279	5.8762	3.8558	1.1793	6.2855	3.4674	3.9312	5.8026	0.102
CCL5	0.3987	2.9322	1.5677	8.876	8.7961	0.2606	5.0014	5.7816	7.5856	7.9785	0.2791
CCNA2	0.2036	0.0556	0.1764	6.2482	0.1118	0.2127	2.6296	6.1173	0.2198	1.0322	0.267
CCNB2	0.5125	0	0.2318	5.3044	0	0.0253	3.481	5.3645	0	0.4675	0.1431
CCR4	0.0595	2.5029	2.9451	0.3427	0.5711	0.0043	0.0867	1.256	0.4261	0.252	0.005
CCR5	0.2702	0.9445	3.0746	2.7331	1.1229	1.1848	3.5763	2.9933	1.2797	3.7484	0.0382
CCR7	3.3472	4.4793	2.2327	1.2699	4.1142	1.3577	0.0896	1.9725	2.5028	0.8068	0
CCR8	0	0.371	3.7076	0	0.0959	0.015	0.2359	0.6705	0.0864	0.3423	0.0104
CCSER2	0.7473	2.308	2.5164	3.495	1.9117	0.3476	1.4221	2.5689	2.222	2.6955	0.152
CD14	0.0643	0.018	0.1111	0.1574	0.1534	0.0888	10.9546	0.1691	0.3792	0.0171	0.0928
CD163	0.1052	0.1842	0.0582	0.0803	0.111	0.1618	8.2321	0.0762	0.2063	0.1025	0.0438
CD19	8.288	0.0244	0.0116	0.0358	0.0109	0	0.0549	0.3898	0	0	2.5556
CD200R1	0.6355	1.2062	1.297	1.4643	1.1046	0.276	0.3082	1.8155	0.6371	2.5093	0.0385
CD22	8.2876	0.0248	0.0276	0	0.0189	0.1403	0.2833	0.2139	0.0608	0	0.2384
CD27	2.4153	3.6718	7.1263	7.0166	3.5827	0.152	0.2905	6.0982	1.8504	7.287	4.3034
CD28	0.206	4.6235	5.5632	3.8536	3.0031	0.0347	0.6938	4.491	1.5919	4.0768	0.002
CD300A	0.1855	0.612	0.1157	0.6239	0.8892	5.5033	5.3635	0.7831	2.8347	0.8572	0.2688
CD300C	0	0.0302	0	0	0.0121	0.2259	4.6211	0.0128	0.0924	0.1135	0.0295
CD300E	0	0.014	0.0111	0.0101	0	0	2.0435	0	0.0052	0	0.03
CD33	0	0.0084	0.0136	0	0	0.41	6.4213	0.1002	0.1046	0.0557	0.0198
CD36	0.0515	0	0.0054	0	0.0461	4.8012	1.7796	0.0029	0.0516	0	0.0305
CD38	2.8397	0.6313	3.4174	5.5857	0.5881	4.5409	1.8583	5.6544	1.5924	5.5824	6.2298
CD4	0.3901	4.4623	7.0103	0.0173	0.0644	9.0112	7.7987	3.2826	2.1088	2.5185	0.0334
CD40	6.5603	0.1687	0.57	0.0509	0.1082	2.2807	5.6654	0.5352	0.3867	0.0881	1.4772
CD40LG	0.4025	2.9896	1.9156	0.1263	0.3773	0.0468	0.0085	0.8718	0.5621	0.9116	0.0079
CD5	0.0433	4.56	5.4603	2.8771	4.0613	0.7994	0.237	4.1081	2.4207	3.2992	0.0092
CD79A	9.3342	0.1212	1.1384	0.3691	0.2301	0.6423	0	0.8071	0.4084	1.1263	6.7752
CD79B	9.4547	1.2829	2.4318	1.649	0.1988	0.0831	0.2862	2.4337	1.1745	2.2166	3.9115
CD8A	0	0.8584	0.604	9.1578	9.1795	0.0733	0.1229	1.0147	1.1999	3.1234	0.1204
CD8B	0	0.6965	0.7803	6.4619	6.2772	0.0133	0.1131	0.9893	0.6199	3.2073	0.0616
CD8BP	0	0.1045	0.2785	1.8865	1.4885	0	0.031	0.3592	0.156	1.1166	0
CDC20	0.317	0	0	4.3171	0.1471	0	3.1996	4.8189	0.0848	0.5024	0.2267
CDCA2	0.2345	0	0.009	2.4733	0	0	1.4964	2.9596	0.0381	0.2288	0.1005
CDCA3	0.253	0.0637	0.0733	3.6674	0.094	0.0546	2.2026	4.897	0.1182	0.1787	0.302
CDCA5	0.164	0	0	5.2436	0.0236	0.0703	2.5236	5.6478	0.152	0.1477	0.1526
CDCA8	0.3599	0	0	4.1916	0	0.1131	1.9167	4.907	0.1415	0.1943	0.1403
CDK1	0.5182	0.1065	0.1636	6.517	0.1377	0.1649	3.8205	6.8831	0.1451	0.402	0.2857
CENPF	0.2445	0.142	0.3406	4.0115	0.2938	0.1599	1.9461	4.5288	0.4905	0.7921	0.146
CENPM	1.0818	0.3388	0.9579	6.3023	0.2415	0	3.38	6.7459	0.3379	1.0318	0.908
CHAF1A	0.3178	0	0.134	1.8454	0.1954	4.3927	0.9775	1.7715	0.1975	0.5623	0.1364
CHMP7	3.9439	2.3684	3.2661	3.1154	2.4699	1.5957	2.7872	3.8129	1.186	2.7612	1.1563
CHPF	0	0.083	0.9118	1.157	0.0786	0.9698	0.4041	0.7693	0.2519	0.5924	2.6019
CHRM3-AS2	0.3758	1.7207	1.2604	0.3538	0.5603	0.0088	0	0.3594	0.5746	0.5845	0.0112
CHST12	0.5953	0.5341	1.3157	3.1637	1.4877	4.1974	0.679	2.5271	2.5558	3.3964	2.7651
CKAP2L	0.1421	0	0.0058	3.3733	0.0838	0.0749	1.8834	3.2384	0.056	0.2112	0.09
CKS1B	0.956	0.2667	0.7226	6.7416	0.3964	1.732	5.0011	7.1493	0.6265	0.8408	0.9437
CLEC10A	0	0	0	0.0086	0.0213	0.2477	1.6162	0	0.0201	0.0109	0.0044
CLEC17A	3.5861	0.0263	0	0.055	0.014	0	0.0415	0.1251	0.0086	0	0.5135
CLEC4E	0	0.0094	0.0314	0	0	0.053	3.8894	0.0607	0	0.0356	0.083
CLEC5A	0	0	0	0	0.0623	0.0547	7.336	0	0.0597	0	0.0231
CLIC3	0.1565	0.1697	0.0983	0.6958	0.5746	8.3252	0.1081	0.3687	1.3119	1.4411	0.368
CLIC4	2.6617	0	0.3479	0.2365	0	1.0982	4.5603	0.7617	0.0674	0.1443	3.0403
CLSTN3	0.5684	1.4161	2.3129	1.88	1.7164	0.333	0.3936	1.7136	1.6631	1.6542	0.5343
CNR2	2.9389	0.3021	0.1397	0.1258	0.1216	1.3982	0	0.2289	0.2311	0.2626	0
COBLL1	3.2118	0.1252	0	0.0115	0.0471	2.5724	0.134	0.1204	0.0214	0.0033	2.5001
COL19A1	1.3771	0	0.1926	0.0698	0	0.0615	0	0.1025	0.0442	0.1967	0.0496
CORO1B	1.0113	1.9209	4.8896	1.3317	1.351	2.7203	5.6752	3.3353	0.7812	1.879	0.8344
CPNE5	4.2521	0.1535	0.2716	0.0059	0.0357	0.0084	0.0436	0.3954	0.0376	0.0992	3.1866
CPVL	0.1101	0.0914	0.0189	0.0356	0.0505	1.0997	5.5206	0.1723	0.3177	0.1057	0.0684
CR2	4.0748	0.0428	0.1824	0.03	0.1251	0	0	0.1065	0.0671	0	0.1843
CRELD2	0.8269	0.6123	1.6401	2.7246	0.5533	1.2789	3.277	3.0087	0.5717	2.089	5.5032
CRTAM	0.0234	0.412	0.4343	4.8116	1.7828	0	0.8579	2.5265	1.8334	4.1457	0.1127
CSF2RB	1.2573	0.1037	0.7433	0.0089	0.1384	7.4058	3.945	0.3235	0.0193	0.0548	1.7637
CSGALNACT1	0.169	1.3871	0.9554	0.6301	0.4423	0.8512	0.2191	0.4777	1.0461	0.4996	0.7213
CST7	0.1132	1.9586	5.251	7.5162	6.226	0.0703	0.6946	5.692	6.1382	7.6222	0.1603
CSTA	0	0.0292	0	0	0.0452	0.0604	5.7271	0	0.0184	0.0182	0.0689
CTA-250D10.23	4.1437	0.1101	0.0409	0.1963	0.2075	0.0672	0.153	0.2231	0.1159	0.1223	0.5198
CTD-2313F11.1	0.0263	0.3144	0.1458	0.615	0.7154	0	0	0.8525	0.6682	1.4918	0.0268
CTLA4	0.1978	1.7512	7.4611	3.5298	1.2103	0.0175	0.3746	3.2801	1.5967	5.9583	0.0573
CTSW	0.1164	1.8834	0.5301	7.0711	5.5103	0.4654	0.6881	3.6398	5.9116	5.1482	0.3363
CX3CR1	0.0574	0.0088	0.6792	0.3149	0.6677	0.5399	1.7617	0.0764	1.21	0.2376	0.0161
CXCL13	0.1624	0.1127	2.4142	4.6121	0.7547	0.0151	0.0336	2.4711	0.5482	4.68	0.1507
CXCL2	0	0.0169	0.1047	0	0	0.2871	5.7539	0.0403	0.1303	0.0623	0.0086
CXCR5	5.6109	0.9936	1.2824	0.3251	1.0232	0.0057	0.2384	0.8535	0.734	1.0497	0.4012
CXCR6	0.1984	1.0679	4.631	2.9033	1.1255	0.0669	0.3751	3.8335	0.6342	3.7135	0.1232
DERL3	0.5066	0	0.1342	0.8462	0	6.1723	0.5686	0.8001	0.0492	0	7.512
DFNB31	0.1441	0.8044	1.6289	2.1489	1.1147	0.0253	0.3186	1.3957	1.0014	2.1405	0.3307
DGKA	4.051	6.4487	6.2445	4.5605	3.8016	1.7261	2.1807	5.4886	3.2638	5.8566	1.2423
DGKH	0.0962	0.3888	1.1589	1.672	0.3394	0	0.4226	1.2982	0.4289	1.5572	0.0065
DHFR	0.4525	0.221	0.2616	4.4398	0.2634	0.2691	2.6105	4.6386	0.3047	0.257	0.1804
DHFRP1	0.0752	0	0.0661	3.4892	0	0.0189	1.9007	3.7599	0.0781	0.0623	0.0752
DHRS3	0.2727	2.64	0.6713	0.5923	1.3536	0	4.9501	0.8394	2.4152	0.5254	0.013
NA	NA	NA	NA	NA	NA	NA	NA	NA	NA	NA	NA
DLGAP5	0	0	0	3.3875	0	0	1.4511	4.1145	0.0802	0.2209	0.137
DNASE1L3	0.3198	0	0.0512	0.0466	0	6.7805	0.0073	0.058	0.0675	0.0252	0
DPP4	0.1782	1.0756	0.1429	0.7205	1.1081	2.2374	0.6183	0.5629	0.9657	0.2669	0
DTHD1	0	0.3058	1.2821	1.2257	0.6302	0.014	0.0241	1.7568	1.0356	3.6258	0.0195
DTL	0.1311	0	0.3152	3.8652	0.0837	0.043	2.1514	4.1378	0.1147	0.3259	0.1298
DUSP16	0.2774	1.0229	2.8309	0.8354	0.9847	0.2285	0.1693	1.3848	0.5838	0.9391	0.0924
EBF1	4.2332	0.0527	0.0941	0	0.064	0	0.0221	0.1563	0.0317	0.0381	0.2134
EGLN3	0.0578	0.3643	0.0556	0.1034	0	5.8742	2.2538	0.1764	0.0816	0.0157	0.0384
EOMES	0	0.4467	0.1651	2.8867	0.8018	0.0563	0.0483	2.2063	0.7715	1.8345	0
EPHX2	0.0571	1.0859	2.2808	0.3288	0.3112	0	0.1749	0.4518	0.6194	0.8013	0.1959
ESCO2	0.074	0.0118	0.069	3.5284	0	0	1.8851	3.4337	0.1469	0.1151	0.0994
ESPN	0.1075	1.7045	1.299	0.2297	0.8064	0.0189	0.0661	0.2922	0.8088	0.608	0
ETV1	0	0.0138	0.3378	1.2911	0.2892	0	0.377	0.4784	0.3211	1.4984	0
ETV7	0.4303	0.2957	2.5802	1.3215	0.144	0	0.4467	1.6993	0.3624	1.1478	0.3992
F2R	0	0.6425	1.0654	3.1301	1.7901	0	0.1181	2.8026	0.8607	2.8356	0.4281
F5	0.0026	0.6213	3.1775	0.5796	0.0155	0	1.5929	0.8875	0.0817	0.546	0.0024
FAAH2	0.1899	1.2425	2.7317	0.3191	0.5614	0.2556	0.0344	1.0411	0.7348	0.9507	0.8218
FABP5	1.4711	0.3001	2.6734	9.2561	0.9133	2.0102	7.7743	8.0667	0.7858	5.495	0.5163
FAM129C	3.0177	0.029	0.0152	0.0713	0.0339	5.1361	0.017	0.1132	0.0927	0.0061	0.0032
FAM177A1	1.5254	3.0495	3.2828	3.8088	3.8268	2.8122	3.7427	3.4968	4.1625	3.3101	2.0198
FAM213A	0.4034	0.0666	0	0.4474	0.1611	3.7138	2.7362	0.2733	0.1585	0.1241	0.0394
FAM3C	2.4898	0.1617	0.4299	2.4285	0.1571	0.2585	0.8272	1.6168	0.1886	1.8606	1.3185
FANCI	0.5109	0.1704	0.4591	5.4036	0.2838	0.6305	2.3284	4.8904	0.3686	1.1647	0.2818
FASLG	0	0.1494	0.3292	3.2904	0.6284	0	0.097	1.8852	1.0767	2.1995	0.0146
FBLN7	0.1252	1.4354	2.9339	0.0664	0.512	0.2836	0.1195	1.3074	0.8817	0.8544	0.0093
FCER2	4.779	0.014	0	0.0458	0.0128	0	0.043	0	0.0855	0	0.2982
FCGR1A	0	0	0.0171	0	0.2196	0.1335	6.8291	0	0.1188	0.0526	0.0604
FCGR1B	0	0.0632	0	0	0.0807	0.0885	4.6413	0	0.0621	0	0.0085
FCGR1C	0.0375	0	0	0	0.0775	0.049	3.9369	0	0	0	0.0066
FCGR3A	0.0781	0.1205	0.1984	0.513	1.199	0.1512	7.3751	0.2091	1.6275	0.4601	0.0688
FCN1	0	0.061	0.0425	0	0.0766	0.035	6.5292	0	0.0452	0	0.1632
FCRL1	6.5722	0	0.0573	0	0	0	0	0.2045	0.1057	0.0594	0.3751
FCRL2	3.063	0	0.119	0	0	0.0101	0.0537	0.1383	0.1115	0	1.2346
FCRL5	4.4964	0.0107	0.0093	0	0.0084	0.4676	0.0064	0.2297	0.1777	0.0165	5.2662
FCRLA	5.4076	0	0	0	0	2.2235	0.0509	0.3231	0.0142	0	0.5135
FEN1	0.4021	0.4133	0.5109	6.0841	0.2272	1.2827	3.9999	6.3756	0.3864	0.9129	0.6513
FER1L4	0	0	0.077	0.0178	0.0859	0.0217	0	0.1384	0.1208	0.0537	3.2068
FGFBP2	0.0773	0	0	0.258	0.3854	0.0346	0	0.6215	1.2435	0.3376	0
FHIT	0.4455	1.0675	0.5362	0.3101	0.1943	0.8917	0.7449	0.5213	0.3227	0.2796	0.735
FKBP11	0.3672	2.0181	0.6035	2.3584	2.0969	0.9862	0.9582	2.8641	1.9414	1.0908	8.5484
FKBP2	1.1522	2.0867	2.2388	3.9518	1.3822	5.4856	6.217	4.5897	2.1292	2.4963	7.2585
FLT3LG	0.4301	3.608	2.1977	1.796	3.322	0.213	1.0974	2.3397	2.0874	1.2646	0.2025
FNDC3B	0.2415	0.2248	0.8586	0.3056	0.7585	0.444	4.8633	0.6785	0.9943	0.521	3.3131
FOSL2	0.7187	2.8389	2.6484	2.3864	4.089	3.917	3.9136	2.0439	4.1618	2.3284	0.3575
FOXP3	0.1029	0.3728	3.6815	0	0	0	0.1797	0.6725	0.0302	0.2625	0
FPR1	0.0957	0.1126	0.0817	0.0882	0.2165	0.0913	3.6446	0.1081	0.0906	0.0835	0.0479
FPR3	0	0	0.0275	0	0	0.0563	5.1426	0.0062	0.0718	0.007	0
FYN	1.3038	4.5001	6.3319	7.4233	6.9645	1.0309	0.5202	5.9069	6.2845	6.8851	0.068
GAB1	0.4237	0	0.042	0.0023	0.0269	4.0973	0.8256	0.1975	0.3969	0.1329	2.4653
GABARAPL1	0.6255	1.1582	1.4761	3.0808	3.5984	1.7261	3.8554	1.6462	3.0269	3.0384	0.3408
GAPT	1.8226	0.0606	0.0108	0	0.0558	5.6439	0.9014	0.1846	0.1164	0	0.0251
GAS6	0.2777	0.0792	0.0069	0.0477	0.1545	4.4041	1.0165	0.1173	0.1348	0	1.6098
GIMAP5	0.1718	4.4215	3.5036	3.9823	3.2322	0.0896	3.4048	4.1246	2.2148	4.4399	0.0439
GIMAP7	0.3408	4.8645	3.4565	5.0473	3.3841	0.0687	3.3608	5.1938	4.3278	4.5302	0.0743
GK	0.5993	0.4859	3.2326	1.6098	0.4367	0.7147	5.6178	2.6167	0.5647	1.4974	0.4226
GNG7	1.8074	0.0105	0.0062	0.0793	0.0088	2.9012	0.1897	0.1419	0.1172	0.0282	2.065
GNLY	0	0.1516	0.8693	2.2637	2.5978	0.1004	0.2955	2.8546	5.8562	2.6908	0.0245
GOLIM4	0.5815	0.1948	0.5216	3.8332	0.7399	1.769	4.476	2.3993	1.347	2.1024	1.3459
GPNMB	0.0923	0.1256	0.0282	0.2696	0	0.0735	7.0957	0.0668	0.1338	0	0.1088
GPR141	0	0	0	0.0374	0	0.5559	1.9353	0.0384	0.4006	0	0
GPR171	0.0229	2.0186	2.0653	3.325	1.8954	0.409	0.071	3.4518	1.5792	3.0426	0.0377
GPR56	0	0.1004	0.6089	1.865	1.139	0.0964	0.4037	1.0561	2.0283	2.5088	0.0348
GPR84	0	0	0.0076	0.0625	0	0.0464	4.851	0	0.017	0	0.0519
GTSE1	0.104	0	0.06	3.3633	0	0.0721	1.6394	3.5906	0.1619	0.2245	0.151
GZMA	0	2.2109	1.5995	8.0797	4.6226	0.0948	0.4017	6.4376	6.1298	6.479	0.0989
GZMB	0.1045	0.026	0.5048	8.1106	2.214	12.0241	0.195	4.5795	4.7333	5.2192	0.2472
GZMH	0.0742	0	0.3821	5.2545	2.7287	1.1816	0.1111	3.615	3.3979	3.884	0.0759
GZMK	0.0491	1.3462	0.9485	5.5574	4.0352	0.0122	0.1342	5.4275	3.34	6.3819	0.0733
GZMM	0.0222	1.7243	1.9151	3.6215	2.5465	0	0.1223	1.9732	2.7497	2.9978	0
HAVCR2	0.1368	0.5742	1.9371	5.6628	0.7985	1.5683	6.2417	4.7199	1.6244	5.6911	0.0617
HIST1H3B	0.2024	0	0	2.2466	0	0.0384	1.3322	2.4845	0	0	0.0637
HIST1H3G	0.0918	0	0.0799	2.6583	0	0	1.2011	3.1312	0.0439	0	0.179
HJURP	0.156	0	0	3.4978	0.0906	0	1.7637	3.7765	0	0.0893	0.1746
HK3	0.0097	0	0	0.0334	0.0367	0.0062	7.2212	0.0625	0.0084	0	0.0544
HLA-DOB	5.7876	0	0.1481	0.1174	0.0605	1.287	0.171	0.4999	0.0176	0.035	1.6362
HNMT	0	0	0.0362	0.0824	0	0.1276	7.2158	0.0292	0	0.0293	0.0097
HNRNPA1P21	0.1178	0.111	2.0399	0.1313	0.1413	0	0.0988	0.5297	0.1589	0.319	0
HOPX	3.0921	0.664	0.3281	2.6371	2.0202	0	0.2329	1.73	3.8865	1.2204	0.2337
HS3ST3B1	0.1611	1.2139	2.9714	1.0491	0.7797	4.5343	1.1129	1.8691	1.087	1.0961	0.1116
HVCN1	5.7936	0.0301	0.3312	0.8172	0.3472	5.308	2.2811	0.6267	0.8985	0.8527	0.1823
ICA1	0.1726	0.2694	3.124	0.7156	0	0.029	2.4624	1.3961	0.2695	1.1012	0
ICAM2	1.8854	2.1068	2.849	1.857	1.4606	1.0506	2.4901	2.0698	1.7333	1.3898	4.7596
ICOS	0.2509	4.0376	6.9832	3.6012	1.7209	0.0086	0.2996	3.3563	1.6623	3.69	0.0546
IFNG	0.2252	0.7191	1.174	6.0355	2.513	0.0296	0.109	4.2837	2.3557	4.1586	0.1417
IGHA1	1.7178	0.06	0	0.0126	0	0.0379	0	0.4264	0.4171	0.2337	8.0683
IGHA2	0.6667	0.0391	0	0	0.0143	0.0322	0	0.2549	0.1807	0.1059	4.9632
IGHD	4.7444	0.0133	0.1318	0.0904	0.0154	0.2008	0	0.1941	0	0.0671	0.1581
IGHG1	5.474	0.025	0.2461	0.3293	0.0496	0.2944	0.013	0.9518	0.2719	0.1728	10.4889
IGHG2	3.4913	0.0182	0.1105	0.1005	0.0432	0.023	0.0111	0.4378	0.1934	0.0495	7.5694
IGHG3	3.9558	0	0.0248	0.07	0.0207	0.0423	0.0104	0.4331	0.1412	0.0863	7.8967
IGHG4	1.8034	0	0.0231	0.1054	0	0.0146	0	0.1911	0.123	0.0354	6.3756
IGHGP	2.4593	0.034	0.0472	0.0282	0.0126	0	0	0.2935	0.1198	0.0377	6.0459
IGHM	7.5723	0.0959	0.9186	1.0448	0.0234	7.4052	0	0.9491	0.0127	0.7381	3.1587
IGJ	3.6446	0.1037	0.1052	0.0183	0.0155	12.17	0	0.7897	0.0927	0.0843	11.8843
IGKC	7.9858	0.0544	0.4467	0.1714	0.2141	9.0059	0.0367	1.2517	0.4287	0.4596	14.1614
IGLC1	3.2829	0.058	0	0	0	0.1125	0.0521	0.2855	0.0787	0.0688	7.6745
IGLC3	3.6503	0.1821	0	0	0.047	0.2405	0	0.5567	0.1858	0.0523	4.4122
IGLL5	3.2315	0	0	0	0.0542	0	0.017	0.2215	0.0757	0.0209	6.3185
IKZF2	0.3668	0.699	2.8824	1.0749	0.5512	0.47	0.3045	2.4245	0.9832	2.4352	7e-04
IKZF4	0.0882	0.35	2.4471	0.8735	0.1787	0.14	0.5884	0.9447	0.1238	0.8057	0.0545
IL12RB2	0.0548	0.3639	2.1534	0.0952	0.283	0.065	0.1688	0.8317	1.0386	0.3615	0
IL18R1	0.0608	1.0272	1.9946	0.5966	0.763	3.5554	0.0535	1.2403	0.9928	0.7055	0.0494
IL18RAP	0	0.1524	0.403	0.9003	0.8988	0.334	0.1165	0.8582	1.1542	0.9021	0
IL1B	0.0563	0	0.1149	0.03	0.1677	0	5.0054	0.0248	0.2478	0	0.0044
IL1R1	0	0.0467	1.004	0	0.0438	0	0.1179	0.2256	0.135	0.1142	0.0018
IL1R2	0	0	1.8891	0	0.0638	0	0.4334	0.5477	0.0894	0.2675	0.0296
IL2RA	0.4267	0.3319	3.7998	0.4782	0.1651	0	3.3682	1.5641	0.7261	0.6631	0.0588
IL3RA	0.0929	0.0343	0.0801	0.032	0.062	7.786	1.4178	0.0691	0.04	0.0344	0.1549
IL7R	0.2454	7.1834	4.1522	0.966	6.5156	0.0718	4.7969	1.4985	5.3794	1.7134	0.0982
IL8	0.0495	0.0805	0.1427	0	0	0	6.0375	0	0.098	0.0204	0.0063
INSR	0	0.0322	0.1391	0.0641	0.0863	1.516	1.1831	0.0881	0.0876	0	0.9648
ITGA1	0	0.5846	0.134	1.7533	1.1072	0	0.0973	0.863	0.6997	1.0952	0.0356
ITGAM	0.4251	0.1434	0.5492	0	0.4708	0.4831	6.6421	0.1521	1.7975	0.2375	0.1087
ITM2C	1.0504	1.163	0.4729	0.895	2.2699	8.9414	0.7513	1.0372	0.9819	0.8462	6.6214
JAKMIP1	0.0982	0.2834	1.7641	3.712	1.0455	0.0229	0.103	3.8009	0.9264	2.8648	0.0332
JMJD6	2.0442	0.9119	2.4311	4.2452	3.9276	2.6483	4.1971	3.2428	2.3341	2.7841	1.5268
KIAA0101	1.0524	0.0337	0.8031	7.7506	0.0838	0.057	3.9738	7.7734	0.2457	1.0197	0.2778
KIAA0226L	4.9891	0.0486	0.1581	0.0803	0.0714	6.5083	1.7837	0.5253	0.1393	0.0536	0.0722
KIF11	0.5533	0.182	0.2342	3.975	0.0778	0.0149	2.2491	4.6387	0.1455	0.3583	0.1346
KIF15	0.1147	0.0376	0.0559	3.0766	0	0	1.3618	2.9174	0.0838	0	0.0395
KIF18B	0.1253	0	0.0637	3.3896	0.0038	0	1.3892	2.9666	0.077	0.1004	0.1196
KIF23	0.0807	0.1003	0.116	4.1803	0.0603	0.0395	1.8233	4.3432	0.3412	0.2053	0.1163
KIF2C	0.341	0	0.0439	3.8933	0	0.0632	1.98	4.6955	0.068	0.2569	0.1463
KIFC1	0.4296	0	0.1316	3.8693	0.01	0.0837	2.0979	4.8951	0.058	0.2931	0.083
KIR2DL3	0.0249	0.0385	0	0.3205	0.086	0.0317	0.0356	0.1355	0.7382	0.2468	0
KIR2DL4	0	0	0	1.402	0.1429	0.012	0.0732	0.5615	0.8107	0.6002	0
NA	NA	NA	NA	NA	NA	NA	NA	NA	NA	NA	NA
NA	NA	NA	NA	NA	NA	NA	NA	NA	NA	NA	NA
KIR3DL2	0	0	0	0.4417	0.1932	0.0249	0.0861	0.5542	0.7472	0.5437	0
KLF3	0.3268	1.0299	0.3109	0.0624	0.4557	1.1798	1.1345	0.2204	0.9644	0.2038	0.3382
KLRB1	0.0174	2.5084	2.5303	0.2266	0.7949	0.0355	0.1936	0.837	3.3613	0.6252	0.0062
KLRC1	0.0126	0.1591	0	1.4308	0.8995	0	0.0826	0.3606	1.982	1.3082	0.0136
KLRC2	0	0.2395	0	1.3884	0.498	0.0149	0.0427	0.4263	1.3298	1.0462	0
KLRC3	0	0.1761	0	1.543	0.5537	0	0.0268	0.5905	1.2227	1.0118	0
KLRC4	0	0.2845	0.0368	3.2227	2.0146	0.0547	0.0411	1.5665	1.0071	2.2425	0.0406
KLRC4-KLRK1	0.2646	0.5566	0.1894	3.4362	3.5906	0.0783	0.0438	2.0781	2.1773	3.3632	0.0105
KLRD1	0	0.1098	0.0738	5.5339	2.8538	0.0315	0.1137	2.0025	3.8389	2.6094	0.0862
KLRF1	0.0737	0.1026	0.1178	0.0526	0.0955	0.1833	0.2261	0.0581	2.0996	0.237	0
KLRG1	0.2303	1.8552	1.0338	3.7324	2.4138	0.0916	0.9827	3.135	2.7082	3.2668	0.1081
KLRK1	1.2555	1.9638	0.5184	8.133	8.2923	0.1665	0.2053	4.6224	5.7398	6.9903	0.2099
LAG3	0.0128	0.2922	1.529	3.73	1.851	0.5328	0.136	2.7967	0.7209	3.2161	0.0694
LAIR2	0.1237	0.2085	1.7583	0.7591	0.2409	0.9189	0.362	0.7753	0.4132	0.6934	0
LAYN	0	0	2.0141	1.1157	0.2212	0.0396	0.0832	0.7341	0.058	1.2234	0
LDLRAP1	0.1139	2.2304	0.5349	0.6048	1.5987	0.1543	1.5986	0.7067	1.1107	0.5663	1.0395
LEF1	0.3005	2.9022	2.4285	1.1121	1.9062	0.1175	0	1.7218	1.7993	1.4957	0.1715
LGALS2	0	0	0.0212	0	0	0.1506	1.7022	0.0625	0.0436	0	0.0406
LGMN	1.4171	0.3199	0.6233	0.1234	0.231	6.7153	3.0991	0.271	0.4409	0.2376	1.3099
LILRA2	0.1005	0.0532	0.0112	0	0.0995	0.2586	1.7066	0.0892	0.0991	0.094	0.043
LILRA3	0.0244	0	0.0238	0.0101	0.0152	0.2058	1.3783	0	0	0	0.005
LILRA4	0.3097	0	0	0.0293	0.0074	10.656	0.1399	0.1059	0.0274	0	0
LILRA6	0.0529	0.0901	0.1192	0.0209	0.2291	0.5707	4.584	0.0254	0.0886	0.0912	0.0783
LILRB4	0.1491	0	0.0237	0	0	8.7184	7.572	0.0992	0.2394	0.0799	0.2666
LINC00402	0	0.5465	0.0352	0	0.369	0.0059	0	0	0.1493	0.0636	0.0028
LINC00861	0.0516	2.7482	1.5477	0.91	1.8794	0.0673	0.1208	1.1411	1.9414	1.5187	0.188
LINC00926	3.2559	0.0416	0.126	0.0128	0	0.0365	0.1054	0.3038	0.0578	0	0.1022
LINC00996	0.2663	0.0775	0	0.1792	0.0889	3.4872	0.1348	0.1851	0.5862	0.235	0.1626
LMNA	0.8129	3.3464	3.5769	1.8156	3.7693	0.462	7.4859	2.771	4.2313	1.7983	2.4113
LPCAT2	0.0255	0.0785	0.0641	0.1304	0.0214	0.1324	4.7012	0.0349	0.0045	0.0668	0.0123
LTA	2.0436	0.7921	2.9241	0.6279	0.3434	0.2389	0.0613	1.8791	0.7599	1.3056	0.0101
LTB	6.1259	6.7719	7.0662	0.6971	3.6756	5.8086	0.562	2.9597	3.3806	2.5546	0
MAD2L1	0.6877	0.3504	0.5727	5.9156	0.519	0.788	3.652	6.4826	0.0855	0.767	0.2888
MAF	0.2178	1.387	3.8408	0.4875	0.7271	0.0349	2.1192	1.3717	1.3316	1.8132	0
MAFB	0	0	0.0508	0	0.0096	0.0463	2.9926	0.0535	0.1592	0	0.0037
MAFF	0.2939	0.4282	0.534	0.5796	1.0259	0.2755	0.9797	0.311	2.085	0.4169	0.1586
MAGEH1	0.4936	0.6968	3.5124	1.2343	0.0188	1.0219	1.513	1.8551	0.2437	1.5357	0.8536
MAL	0.1883	2.4402	1.6956	0.251	0.6255	0.2869	0.1109	0.5029	0.3061	0.8313	0.0594
MAN1C1	0.0269	0.76	0.1502	0.1213	0.6812	0	0.875	0.0922	0.1327	0.1937	0.0012
MANEA	0.5157	0.2692	0.6109	1.3218	0.3888	0.0044	1.4839	1.3869	0.317	0.7765	3.0415
MAP1A	0.0931	0.0593	0.0361	0.0207	0.1134	4.3221	0	0.0913	0.0968	0	0.0075
MARCO	0.0127	0.0262	0	0	0	0	8.1424	0	0	0	0
MAST4	0.5461	1.0561	1.8011	0.4717	0.2181	0.206	0.1506	1.1063	0.5961	1.042	0.1628
MATK	0.0637	0.2917	0	1.0028	1.1011	0.0528	2.3259	0.5704	2.2101	0.7352	0
MCTP2	2.869	0.737	0.4701	3.5989	0.9882	0.0033	0.2516	2.4448	2.1671	2.9504	0.953
MEF2C	6.5214	0.1749	0.3788	0.2119	0.0289	5.3791	3.5579	0.4043	0.3223	0.0481	3.2544
MELK	0.3046	0	0.1983	4.5288	0	0	2.651	4.5749	0.0772	0.2138	0.1769
MGAT4A	1.3647	3.8554	1.3331	1.4841	3.3002	3.7228	4.9616	1.6535	2.6368	1.6456	0.2511
MICAL2	0.0084	0.8185	3.1041	1.4961	0.8637	0.5988	2.5246	2.3383	1.4452	1.564	0.0011
MIR155HG	2.0967	0.6085	2.1215	3.698	0.6193	1.4245	1.9721	3.5687	0.9406	2.7453	1.9525
MKI67	0.3746	0	0.1543	4.9204	0.0652	0.0171	2.1396	4.8622	0.3232	0.621	0.2042
MLF1IP	0.3764	0	0.1246	5.0728	0	0.113	3.2152	5.4643	0.2091	0.4726	0.2808
MPEG1	2.2176	0.0233	0.0145	0.005	0.0118	8.4695	4.207	0.1048	0.0076	0	0.0341
MS4A1	10.7534	0.44	0.1687	0.0303	0.5984	0.0225	0	0.3508	0.295	0.1552	0.1971
MSR1	0.1127	0.0059	0.0259	0.0347	0.1258	0.0143	3.54	0	0.1163	0.1246	0
MTND4P12	0.6923	1.3596	1.1118	1.2798	1.3954	0.6505	2.1657	0.8338	1.7217	0.3894	0.2308
MVB12B	0.1615	0.348	0.1732	1.4667	1.168	0.4828	0.3897	0.5639	0.455	0.8162	0
MYBL1	0.7089	0.2971	0.0335	0.195	0.2828	0	0.178	0.4081	0.9992	0.1471	0.1107
MYBL2	0.8696	0.1047	0	2.0878	0	3.6047	1.0585	2.2525	0.2113	0.3384	0.849
MYO7A	0.1121	0.4444	2.0818	2.8308	0.2588	0.0032	1.7961	1.7704	0.7841	2.1943	0
MZB1	1.8654	0.1658	1.3218	1.6829	0.4385	7.5842	0.0815	2.3084	0.5008	1.6052	9.916
NAB1	0.5716	0.724	2.6328	4.15	1.1442	0.5211	1.5766	4.2863	1.2003	4.4819	0.6052
NAPSB	7.5584	0	0.1831	0.0646	0.0729	11.1591	0.804	0.5082	0.12	0.0292	0.0279
NCAM1	0	0.0045	0.0128	0.0171	0.0695	0.0888	0.1285	0.2251	1.852	0.1288	0.0574
NCAPG	0.4346	0	0.2857	3.8554	0.0096	0.0391	2.0852	4.0954	0.0599	0.2443	0.179
NCAPG2	0.5313	0.1444	0.8972	3.7895	0.2721	0.3092	2.7187	4.5111	0.4795	0.6754	0.2152
NCAPH	0.3161	0	0.4921	4.2728	0.4708	0	2.4181	5.0912	0.0105	0.41	0.2445
NCF1	6.825	0.6843	0.424	0.303	0.6836	5.4134	4.5389	0.5744	0.5264	0.3998	2.9369
NCF1C	5.8233	0.0249	0.0938	0.0198	0.2402	4.5088	2.7615	0.3056	0.0438	0.089	2.3209
NCR1	0.1233	0	0.1775	0.0304	0	0	0.0953	0.4374	0.8724	1.3388	0.0165
NDC80	0.2499	0.4017	0.9975	5.015	0.312	0.0196	1.7105	5.2398	0.1784	0.7644	0.1515
NDFIP2	0.026	0.9038	3.7966	4.0484	0.5709	0.0633	0.7717	3.8206	1.384	3.0386	0.7683
NEK8	0.7883	0.2367	0.1193	0.2768	0.2624	2.9343	0.2699	0.3859	0.2973	0.1406	0.4761
NELL2	0	2.3706	1.1781	3.0399	3.7917	0.0103	0.1108	1.8549	1.7231	2.9576	0.0872
NFAM1	0.0474	0	0.1187	0	0.086	0	3.6054	0.0323	0.0583	0.0747	0.007
NKG7	0.2982	0.4762	1.1428	10.3643	7.2081	3.3036	1.1506	6.3699	7.4394	8.8849	0.1029
NMUR1	0	0.0631	0	0.0499	0.0749	0	0.0408	0.1882	0.6395	0.1226	0
NOTCH4	0.0061	0.0722	0.0494	0.1735	0	3.6373	0.994	0.3335	0.2139	0.3474	0
NR4A3	1.5486	1.5767	1.4891	1.5361	2.9174	5.8954	2.1373	1.3025	2.8436	2.1961	0.2403
NRP1	0.0154	0.1657	0.2391	0.2275	0	6.0834	6.7969	0.4834	0.2153	0.3894	0.0357
NUF2	0.5645	0.0434	0.2894	3.553	0	0	2.0511	4.8742	0.1581	0.4263	0.1546
OASL	0.0965	0.7666	2.2889	4.9905	2.5649	0.294	0.5367	3.9084	2.274	3.4193	0.5263
OLR1	0.0632	0.065	0.0213	0	0.0823	0.0259	5.4416	0	0.0642	0.0969	0.0453
OSBPL5	0	0.0177	0.0745	0	0.0455	1.2434	1.1388	0.4974	0.6996	0.4472	0.0185
OSCAR	0.0811	0	0	0	0	0	3.8159	0.0347	0.0217	0	0.0149
OXNAD1	0.9862	4.1366	3.4003	3.3552	3.3463	0.8067	1.2772	3.5248	2.5105	3.2355	0.5697
P2RX1	0.8796	0.0688	0.0059	0	0	3.7456	0.3815	0.0438	0.0086	0.1099	2.634
P2RY14	0.3189	0.0805	0.6348	0.0078	0.278	5.571	0.279	0.1152	0.0821	0	0
P2RY6	0	0	0	0	0.0397	5.3758	3.0966	0.0234	0.0174	0	0.365
PACSIN1	0.0815	0.2706	0.0388	0.0383	0.2256	3.8309	0	0.1127	0.156	0.2388	0.0336
PALD1	0.4721	0.0669	0	0.0757	0	3.0558	1.5016	0.0516	0.0677	0.0177	0.0029
PARP8	2.2354	3.7167	2.9357	3.6124	5.0171	2.2582	2.512	3.0157	4.8557	4.2516	0.6542
PASK	1.6924	3.376	3.2904	1.8014	1.8579	0.4552	1.1198	2.0602	1.0098	1.3614	0.4396
PAX5	5.7547	0	0.0356	0.016	0.0026	0	0	0.3106	0.0206	0	0.1997
PBX4	0.1408	1.4568	3.2812	1.1862	1.9694	0.0172	0.1182	1.9654	1.8255	1.1747	0.1824
PDCD1	0.239	1.5305	4.8786	5.3139	1.5897	0.1324	0.221	4.4566	1.3048	5.6813	0.0776
PDE3B	0.081	1.2656	1.381	1.8723	2.1236	0.0922	0.6954	1.5556	1.6075	2.1084	0.0026
PDK1	0.8464	0.997	1.049	0.7494	0.8426	0.1899	2.9416	1.4953	0.5415	0.6904	4.4047
PFKFB2	0.3836	0.2811	0	0.2405	0.2242	5.4039	1.246	0.0657	0.3848	0.1058	0.1941
PHEX	0	0.2072	0.4286	0.9088	0.0312	2.7787	0.0317	0.4048	0.0268	0.655	0
PHTF2	2.9938	1.9775	4.5079	2.535	1.4779	0.7253	3.2004	3.142	1.8433	2.555	0.4836
PID1	0.03	0	0	0	0	0.0079	1.472	0	0	0	0.0102
PIK3R1	0.4161	2.1331	1.3076	2.0668	4.2943	0.7367	1.2571	1.6626	3.4796	3.1555	0.2405
PKIG	4.2616	0.0191	0.1375	0.2871	0.188	1.9941	0.5206	0.2556	0.0907	0.0598	0.6328
PKMYT1	0.2631	0	0.4974	5.5349	0	0.0658	3.3306	5.4929	0.1502	0.1575	0.1488
PLAC8	4.0299	4.0462	0.6286	0.0709	3.749	11.1777	0.6608	0.5916	4.5768	0.7185	0.345
PLBD1	0	0.0177	0.0164	0.0575	0.0525	0.0746	5.7777	0.0572	0.0403	0	0.2691
PLD4	1.3063	0	0.0191	0	0.0252	9.2783	0.4933	0.1453	0.102	0	0.1529
PLEKHG3	0	0.8254	0.3353	0.0031	0.8654	0.1363	1.367	0.0778	0.8407	0.1347	0.0016
PLK1	0.3907	0.2107	0.1496	3.3571	0.0623	0.0092	2.2978	4.1947	0.1691	0.3107	0.3025
PLXDC1	0.0779	0.5006	0.0966	0.0644	1.3812	0.4075	0.0667	0.0305	0.9236	0.2523	0.0126
PLXDC2	0.0856	0.0854	0.0612	0.0025	0.0697	0.5286	6.7359	0.0334	0.3642	0.0451	0.0098
POLQ	0.1908	0	0.0978	2.1812	0	0.0025	1.2119	2.7485	0.0939	0	0.089
POU2AF1	4.8619	0.6783	1.0892	0.9445	0	0.0402	0.0411	1.2848	0.2655	1.7639	5.2041
PPAPDC1B	3.3044	1.3535	1.7571	2.5501	0.7122	1.4937	2.7554	2.9663	1.2942	1.8946	6.0795
PPP1R14B	0.1655	0.2406	0.1992	1.4102	0.3203	5.0124	1.9602	0.686	0.4682	0.3319	0.3406
PRDX4	1.3627	1.1436	1.4165	4.0175	0.772	1.6197	6.9015	3.7314	0.4993	1.0301	8.0951
PRF1	0.0773	1.0243	2.8377	8.0508	4.0865	0.0711	0.2671	5.5294	4.4449	7.0041	0.0876
PRKCQ-AS1	0.1644	1.8897	0.8408	1.7826	1.296	0.0264	0.1549	1.4263	0.6313	1.0524	0
PRSS23	0.0053	0.0054	0.2129	0.4207	0.2306	0.0082	0.2578	0.4185	0.6943	0.647	0
PTGDR	0	0.3544	0.0809	0.1581	0.3676	0.039	0.0536	0	1.6987	0.3141	0.0906
PTGDS	0.069	0.132	0	0.0143	0.2988	7.5015	0.0667	0.0602	0.5428	0	0
PTMS	0.0613	0.3377	1.1758	2.7066	0.4401	1.4715	2.4434	1.7895	0.2489	1.938	0.183
PTPN13	0.0785	0.249	0.7028	0.0689	0.0584	0	0.4149	0.4632	0.1901	0.3687	8e-04
PTPRS	0.5459	0.1334	0.1434	0.0998	0.0076	7.0227	0.0341	0.1764	0.0611	0.1345	0.8721
PVRIG	1.3744	1.9314	2.3851	5.1378	3.1532	0.3425	0.155	4.684	3.083	4.1948	0.0956
PVT1	2.3231	2.7022	3.2581	2.8945	2.2091	0	2.5079	2.7743	1.4685	2.451	1.2056
PXN	0.3101	2.3231	2.2234	1.073	2.5562	0.325	2.8595	1.7658	2.9808	0.9629	0.142
PYCR1	0.0794	0	0.3068	1.6734	0.0658	0.2166	0.5951	1.6805	0.1642	0.2061	2.2852
RAB27A	1.2033	1.1214	3.7434	7.621	2.2865	0.1058	2.9006	6.3524	2.4558	5.5631	0.9483
RALGAPA1	0.9525	2.115	1.4538	1.2203	3.4794	1.011	1.0728	1.6848	3.2969	1.5985	0.6205
RALGPS2	4.7648	0.193	0.3227	0	0.101	0.4213	0	0.2575	0.2192	0.0714	1.9934
RAP1GAP2	0.0057	0.1313	0.0973	0.262	0.2106	1.8659	0.4096	0.3728	0.9052	0.0053	0.0267
RASA3	1.1767	1.9959	1.3402	1.2545	2.1828	0.2849	2.2866	1.802	1.9942	1.0283	0.6762
RASD1	0	0.1143	0.0424	0.4544	0.2531	3.7113	0.4338	0.5002	0.3183	0.37	0.0864
RASGRF2	0.0504	0.7349	0.4285	0.0247	0.4678	0	0	0.062	0.2626	0.2228	0.0077
RCAN3	1.2105	2.609	2.123	1.966	1.7447	0.6519	1.2297	3.0052	1.4602	1.8083	0.1833
RIN2	0.1258	0.0056	0.0129	0.0599	0.1624	0.2618	5.739	0.1784	0.0744	0.0886	0.0439
RNASE6	1.7971	0.2453	0.2643	0.1148	0	8.5077	6.1963	0.5122	0.2902	0.1022	1.7006
RNF125	0.2195	2.1252	1.2402	1.5716	2.6707	0.44	0.6552	1.3375	2.014	0.8958	0.0398
RNF166	1.6945	4.7044	3.992	3.4591	4.9257	2.8562	3.5817	2.8045	4.2387	4.0215	1.2506
RP1-232L22__B.1	0.2264	0.1409	1.6438	0.6463	0.0978	0.2744	2.4921	1.1608	0.1264	0.5322	0.1244
RP1-257A7.5	5.2026	0.3228	0.5766	0.6294	0.3136	6.5087	3.4035	0.7129	0.2708	0	1.103
RP11-119D9.1	0.1745	0.8785	0.9347	0.206	0.4863	0.0375	0.1271	0.2003	0.42	0.3946	0.0564
RP11-214O1.3	0.0316	0.224	1.287	0.1412	0.1085	1.0664	0.1962	0.1707	0.0864	0.2027	0.0077
RP11-265P11.2	0	0.0889	1.469	0.1907	0.0695	0	0	0.4075	0.0824	0.4812	0
RP11-285F7.2	1.3054	2.2084	0.7301	0.0601	1.6052	1.4618	0.5102	0	1.0555	0.2871	0.1536
RP11-290F20.3	0	0	0	0	0.1204	0	4.492	0	0	0	0.0224
RP11-291B21.2	0.0354	0.5052	0	4.0181	2.5447	0	0.0852	1.1995	1.1991	1.9557	0
RP11-38J22.6	1.1616	0.0824	0	0.0294	0	8.0135	0	0.2156	0.0512	0	2.046
RP11-424C20.2	0.1363	0.0411	0.1268	2.8044	0	0.1559	1.5283	2.6255	0.0277	0.1663	0
RP11-436I24.1	0.0087	0.5167	1.2846	0.4596	0.4529	0.0573	0.2727	0.7027	0.4976	1.0139	0
RP11-498C9.13	0.0517	0	0.269	1.2845	0.0862	0.1293	0.5859	1.3729	0.1378	0.1349	2.4506
RP11-53I6.2	0.1309	1.4143	1.0078	1.1503	2.1102	0.2691	0.5943	0.8876	1.6843	0.8705	0
RP11-603B24.1	0.023	0.481	1.2906	0.0542	0.1544	0.0934	0.0572	0.8127	0.083	1.0336	0.0277
RP11-689B22.2	0.7793	0	0.0245	0.0298	0.0309	1.0363	0.0784	0.1438	0.2356	0.0472	2.9078
RP11-693J15.5	1.0393	0.0376	0.0541	0	0	0.1948	0.0437	0.0675	0	0	0.0369
RP11-731F5.2	1.481	0	0	0	0	0.0219	0	0.073	0.0693	0	1.4401
RP11-750H9.5	0	0	0	0.0393	0.0597	0.124	2.6578	0	0	0.071	0.0264
RP11-81H14.2	0.3498	0	0.213	0.1449	0.4042	0.3941	0.412	0.0669	0.193	0.1895	3.2316
RRBP1	0.4149	0.541	1.1165	1.4995	0.786	4.6106	2.9657	1.1436	1.041	0.6892	3.906
RRM2	0.302	0.0067	0.1591	7.8412	0	0.007	3.671	8.3447	0.302	0.1323	0.2908
RTKN2	0.296	0.4816	2.8156	0.3447	0	0.0352	0.2339	1.5837	0.2981	1.0271	0.0191
RUNX3	1.0466	2.2293	1.9638	3.6725	3.6855	0.5823	0.9965	3.3796	3.4983	3.2964	0.3101
S1PR1	1.1259	3.9868	0.8886	0.9271	3.1774	0	0.8111	1.9318	3.0468	0.6532	0.0594
S1PR5	0	0	0.0803	0.1433	0.6888	0	0.046	0.0683	1.4872	0.0375	0.0043
SAMD3	0.1926	1.738	1.6354	3.6135	2.649	0.0576	0.148	2.9521	3.5189	3.0291	0.1002
SDC4	0.1022	0.4903	2.923	2.4008	0.6007	0.4635	3.9681	3.1381	1.0043	1.5199	0.0965
SDF2L1	0.4853	0.7236	1.8565	4.9515	1.2684	2.2412	5.443	5.1568	1.004	1.8932	6.5029
SEC11C	2.5906	2.1918	4.9147	4.7352	1.4635	6.1113	5.7999	6.4383	2.0797	4.2043	8.8326
SELL	6.0628	5.1908	5.2919	2.5128	3.5968	9.139	1.2628	3.9098	3.7995	2.9415	0.7645
SELM	0.4407	1.3148	0.8487	0.2674	1.6012	0.239	1.4602	0.4917	0.9595	0.1868	4.1356
SEMA7A	1.3794	0.083	0.26	0.8557	0.0862	3.4682	0.1548	0.5923	0.2136	0.3518	0.394
SERINC5	0.2475	2.6695	1.1489	0.8066	1.4598	0.0566	1.7587	0.8908	1.2039	1.2807	0.0416
SERPINA1	0.114	0.0415	0.1204	0	0.1832	0.1802	9.2545	0.0593	0.1899	0	0.0944
SERPINF1	0.0738	0	0	0.2176	0.1396	10.6843	2.4961	0.2282	0.1339	0	0.0838
SESN1	0.9822	0.8887	1.3223	0.112	1.0067	1.1715	1.614	0.4917	0.5568	0.5209	0.3935
SH2D1A	0.3534	2.2976	4.6345	7.3925	3.0658	0.0321	0.2046	6.773	2.552	6.7322	0.1372
SH2D1B	0	0.0402	0	0.1345	0	0	0.0275	0.1863	1.8301	0.3649	0.015
SIGLEC1	0.0254	0.079	0	0.0053	0	0.2007	1.4237	0	0.0149	0	0.0029
SIGLEC9	0	0	0.0095	0.0229	0.1582	0.1798	5.799	0	0.2021	0.0225	0
SIRPA	0.1687	0.0627	0.0126	0.0914	0.0289	0.2017	4.4303	0.0829	0.0099	0.0761	0.0019
SIRPG	0.0559	3.2145	5.664	6.1057	2.7176	0.2721	0.1406	5.7401	1.1036	6.1786	0.0686
SKA1	0.0849	0	0	2.8851	0.0754	0	1.5156	3.6532	0.1173	0.1229	0.0902
SLA2	0.1787	1.4406	2.8926	3.5491	2.6778	4.5713	0.241	3.2526	2.754	3.493	0.151
SLAMF1	2.8529	2.2074	3.2693	2.2773	1.3616	0.5035	1.3888	2.7075	0.9761	1.7129	1.6071
SLC15A4	1.3215	0.2086	0.3267	0.6246	0.6112	6.1337	1.4026	0.8663	0.9126	0.6335	0.4384
SLC17A9	1.8541	0.0859	0	1.4242	0.1561	0	4.5051	1.0835	0.8013	0.4664	4.3532
SLC37A2	0.0583	0	0.0805	0	0	0.008	5.85	0	0.0088	0	0.0999
SMC2	0.486	0.2294	0.4075	5.0606	0.3845	0.855	3.2039	4.9379	0.6383	0.912	0.5523
SMIM14	6.1667	0.3141	0.2835	0	0.2574	4.8631	2.7348	0.2191	0.6742	0.3272	0.681
SMPD3	0.3862	0.1484	0.3617	0.0892	0.2053	7.258	0.0355	0.1682	0.1651	0.0455	0.0693
SNAP47	0.5627	0.7971	2.4548	4.8404	0.9943	1.0134	2.7582	3.2934	1.1351	3.8658	0.9002
SORL1	3.0734	4.1825	2.0113	0.3564	3.414	2.5115	2.2953	0.9277	3.5577	0.7636	0.1565
SOX4	0.8085	0.05	0.9658	0.7071	0.2519	4.7652	1.7246	0.9647	0.4703	0.9143	0.2761
SPAG4	0.1541	0.1844	0.0689	0.5979	0.1726	0.6413	0.9306	0.1779	0.569	0.2194	4.3671
SPC24	0.1834	0.0165	0	4.7447	0.0817	0.0466	2.6022	5.414	0.1986	0.1603	0.1271
SPC25	0.2847	0	0.0133	3.6257	0	0	1.9597	4.8432	0.1284	0	0.1609
SPIB	5.6131	0.0163	0.1488	0.1079	0	8.9452	0.057	0.3207	0.029	0.008	0.0025
SPON2	0.2177	0.4266	0.6951	0.9492	1.4097	2.6703	0.2608	0.9316	1.8473	1.1063	0.428
ST6GALNAC4	1.438	0.6843	1.806	1.4594	0.5842	6.6579	3.868	1.7443	0.3294	1.3787	4.3909
STAB1	0.1303	0.0915	0.051	0.039	0.1046	0.1252	5.2915	0	0.089	0.038	0.0155
STAM	0.5867	0.8887	3.4481	1.9607	0.7103	0.7141	2.4177	2.2948	1.2877	1.4284	0.5445
STAP1	5.3416	0.1983	0.2473	0.3326	0.02	3.5172	0.0565	0.6161	0.6532	0.0903	1.2412
STAT4	1.0376	4.6142	5.794	3.8838	6.2844	3.7878	0.4552	3.4686	5.7637	4.9901	0.416
STMN1	1.6077	0.329	1.3501	9.0999	0.608	4.5978	5.2424	9.1098	0.92	2.6188	0.7764
SUSD1	0.2192	0.2012	0.076	0.0376	0	5.8691	0.5309	0.0576	0.267	0.0334	0
SWAP70	6.0676	0.4104	0.4501	0.2874	0.0973	1.0322	3.4971	0.858	0.4708	0.0684	0.3585
SYTL3	0.4083	1.2552	2.7312	2.7188	3.3219	0.5253	0.9216	2.5145	3.2453	3.4762	0.5192
SYVN1	4.0913	1.1002	1.5259	1.7781	0.9382	3.1221	3.8988	2.6804	2.5084	1.7962	5.8245
TBC1D4	0.4642	1.8042	4.1722	2.6893	0.7034	1.1277	0.9073	1.5578	0.8462	2.4469	0
TBCD	0.7787	2.4217	2.5149	4.1509	3.9052	1.0425	3.1394	3.7031	2.7795	3.6068	0.9476
TC2N	0.5054	4.8569	1.5495	1.8424	4.7761	0.0095	0.2921	2.8714	4.4401	2.1274	0.027
TCF19	0.5039	0.1401	0.4162	4.0605	0.2439	0.1408	2.9118	4.7096	0.4171	0.3101	0.5906
TCF4	5.3839	0.0549	0.4246	0.201	0.1412	8.9777	3.7309	0.5054	0.3128	0.1526	3.2068
TCF7	1.0101	5.8855	2.5672	1.552	4.8547	0.4535	0.5702	1.7977	3.2181	2.0449	0.0765
TCL1A	4.693	0	0.2045	0	0.1213	8.1558	0	0.1994	0	0.0225	0.1508
TESPA1	1.2252	3.9589	3.7075	3.1132	1.7379	1.0431	1.1047	3.423	1.6826	3.1288	0.1316
TGFBR3	0.0514	1.2284	0.9321	0.6543	1.6264	0.1266	0.1324	0.4903	1.9294	0.4985	0.0031
THADA	1.9706	1.1683	4.0002	2.316	1.2328	1.2593	1.8271	2.1369	1.0447	2.0714	0.7321
THEM4	1.0327	1.8935	2.2646	1.5293	1.7385	1.6388	2.0276	2.2412	1.3203	1.1137	0.6082
THEMIS	0.0522	2.4756	1.658	3.0293	3.3472	0.0729	0.148	1.8445	1.2237	2.5671	0.0461
TIAM1	0.4397	1.6655	3.6397	2.0723	0.5071	0.1241	3.1455	2.357	0.6062	2.3301	0.0953
TIGIT	0.4951	1.911	6.9816	6.459	2.0499	0.4071	0.2664	4.9178	1.708	6.9563	0.1309
TK1	0.6035	0.0217	0.5473	6.7849	0.0737	0.4894	4.8875	7.0559	0.0182	0.4126	0.333
TLR10	4.3063	0.0191	0.1368	0.005	0.0454	1.5132	0.086	0.0623	0	0	0.1456
TLR2	0.0825	0.0065	0.0148	0	0.1877	0.0158	5.7209	0.1176	0.0554	0.0703	0.0143
TLR4	0.0987	0	0.0808	0	0.095	0.0236	3.7612	0	0.1106	0	0.0014
TLR7	0.6899	0.0045	0.0055	0	0	5.0404	1.0832	0.05	0.1834	0.0598	0.3612
TLR9	1.5211	0.0161	0.2036	0.0258	0.0683	5.1375	0.1216	0.2794	0.132	0.327	0.5574
TMEM155	0	0.172	0	1.4447	0.0222	0.0242	0	1.8066	0	1.1033	0
TMEM173	0.2317	3.3237	6.4216	3.8686	2.648	1.1486	5.9016	4.3446	3.3658	3.1135	0.2074
TMEM176A	0	0.0738	0.073	0.0665	0.0179	0	4.0551	0	0.1333	0	0.0101
TMEM176B	0.0963	0	0.0125	0.1711	0.0471	0	5.3213	0	0.0987	0	0.0285
TMEM2	2.4268	2.8366	4.5954	4.5079	4.4286	0.2565	2.3537	3.9569	4.2455	5.5462	0.1704
TMEM63A	1.85	3.2397	1.2936	0.6259	1.4718	2.7735	2.678	0.7181	1.2988	1.0629	0.9125
TNFRSF17	1.3148	0	0	0.0261	0.052	1.8984	0	0.1285	0	0	5.0967
TNFRSF18	0.0888	1.2381	7.6615	2.2761	0.5007	0.1608	0.5785	3.8179	2.3774	3.3659	0.8585
TNFRSF21	0.0566	0	0.0597	0	0.0043	5.7528	1.9656	0.1774	0	0.004	0
TNFRSF25	0.5854	4.6283	4.2693	1.0888	2.2076	0.0546	0.4388	2.2031	2.5696	2.093	0.005
TNFRSF4	0	1.2424	6.1948	0.57	0.2414	0.5991	0.4564	2.6211	1.0254	1.4875	0.3169
TNFRSF9	0	0.2091	2.7364	5.6878	0.4272	0.0097	0.9141	3.2281	0.5479	3.6963	0.0817
TNFSF4	0.2272	0	0.4189	0.9924	0.059	0.1129	0.0656	0.4882	0.1465	0.5717	0.036
TNFSF9	0.9534	0.2367	0.5215	1.5628	2.0598	3.8306	0.7047	1.0797	1.2354	2.2325	0.0867
TNIP3	0	0.2492	1.3795	2.3354	0.5914	0.0075	0.5074	1.6114	0.3814	1.6596	0.0161
TOP2A	0.6163	0.0755	0.645	5.9505	0.0936	0.0891	2.4792	6.2765	0.2901	0.7369	0.1705
TOX	1.7502	1.1276	2.5216	3.4877	1.1913	0.0056	0.0933	2.7932	1.3973	3.6299	0.4135
TPD52	5.3713	1.0164	0.9167	1.6564	1.3915	1.8712	2.325	1.633	1.3566	0.7836	5.2357
TPM2	0	0.2049	0.0273	0.0788	0.0183	4.8794	0.4185	0.2665	0	0.1389	0
TPRG1	0.0225	0.7815	0.5043	0.1416	0.7631	0	0.8174	0.1054	0.4897	0.1782	0.1405
TPX2	0.5564	0.0208	0.4693	4.7258	0.0405	0.2211	2.4635	5.2369	0.106	0.9262	0.1047
TRABD2A	0.1672	1.6384	0.6523	0.6633	1.1999	0.4875	0.3585	0.857	0.4925	0.393	0
TRAF4	1.0902	0.4428	0.3315	0.7183	0.5657	4.1509	0.2455	1.0802	0.3737	0.2671	0.466
TRAM2	0.4183	0.2316	0.2317	0.2649	0.1867	0.2269	0.7688	0.3255	0.3096	0.0114	2.6811
TRDC	0.079	0.8737	0.1132	1.4213	0.3427	0.1039	0.0592	3.8081	4.9495	4.1873	0.0541
TRDV1	0	0.8447	0	1.1192	0.1809	0	0	3.4738	0.4829	3.097	0
TREM1	0.0514	0	0.1196	0	0.1353	0	7.2806	0.1642	0.0432	0	0.0584
TRGC1	0.0567	1.1659	0.1345	1.6675	1.8268	0	0.0136	2.1774	2.6079	2.5034	0.0088
TRGC2	0.1283	1.6405	0.6218	3.1639	3.3512	0.0304	0.0888	4.0395	3.1139	4.6457	0.1336
TRGV2	0.1355	0.0939	0.1845	0.7481	0.6602	0.0448	0	1.1323	0.4414	0.8142	0
TRGV4	0.3015	0.9461	0.1799	0.6269	1.0693	0.4472	0.0557	1.2086	0.5812	1.0051	0.072
TRGV8	0	0.1162	0.0375	0.7107	0.7158	0	0.232	1.5238	0.2069	1.2748	0
TRGV9	0.1582	0.2011	0.1229	0.7637	0.5251	0.0675	0.0592	0.5646	1.6415	0.5506	0.0267
TRIB1	0.8964	0.0288	0.4789	0.9491	0.2885	1.3981	1.9017	1.6982	0.5967	0.7555	2.4961
TSHZ2	0.1852	0.6727	1.2046	0.5055	0.0887	0.0012	0.0641	0.9444	0.2011	0.5165	0.0661
TSPAN13	2.0637	0	0.7826	0.2935	0.0218	8.8363	0.1057	0.3977	0	0.2046	1.4368
TSPYL2	1.7131	2.9155	3.2709	3.1558	3.5229	3.5927	0.8388	2.1534	3.476	3.5885	0.6628
TUBA4A	3.8727	4.1874	4.1758	7.0401	6.4971	0.588	1.6761	7.1049	4.7015	5.8693	3.344
TXK	0.1262	1.3287	0.6966	0.1954	1.5984	0.0208	0.1956	0.5198	2.0474	0.8899	0.082
TXNDC5	1.2632	0.0246	0.3341	0.9511	0.1654	3.1775	1.733	0.8899	0.2352	0.3195	6.2661
TYMS	0.2607	0.1035	0.6631	7.7116	0.1482	0.3104	4.323	8.0816	0.5256	0.9281	0.3655
UBE2C	0.4782	0	0.0798	6.535	0	0.07	2.9392	7.1802	0.0946	0.2954	0.1806
UBE2J1	3.3088	0.7735	1.2622	2.1488	1.2205	5.0795	2.8744	2.2157	1.1652	1.428	4.7172
UBE2T	0.4495	0.1925	0.4754	6.3507	0.6006	0.2546	3.1753	7.0324	0.1361	0.8609	0.4918
UHRF1	0.2131	0.1223	0.1883	4.5235	0.1427	0.3511	2.8721	4.6231	0.1885	0.2197	0.0078
VCAM1	0.0332	0.0133	0.0918	3.957	0.4181	0.0363	0.4161	2.3247	0.3908	2.6064	0.0544
VCAN	0	0.0798	0.026	0	0.0223	0.0145	5.1027	0	0.0172	0.0058	0.0617
VDR	0.0528	0.3059	2.6656	1.77	0.2687	0.2261	2.119	2.4015	0.3276	1.5233	0.6984
VIMP	1.5923	1.2384	2.4145	4.1894	1.4448	8.0441	5.311	4.6419	1.5107	2.6463	6.6602
VPREB3	5.4465	0	0	0	0	0	0.1032	0.3401	0	0	0.9954
VSIG4	0.0923	0.0165	0	0.0634	0.098	0.1149	8.1252	0	0.1844	0.111	0.0184
WDFY4	5.5939	0.0914	0.0865	0.0169	0.1647	6.7084	4.0658	0.2614	0.1592	0.0026	0.8063
XBP1	1.2373	1.6777	1.1568	1.6499	1.7219	3.9958	3.5341	2.1494	2.4613	1.3299	7.7949
ZBTB16	0.1066	0.1823	0.5037	0	0.1775	0	0.2262	0.0738	1.0105	0.2373	0.0072
ZC3H12D	1.8575	3.374	4.4745	1.8755	2.4281	0.2629	0.521	2.5886	1.1772	2.6583	0.0627
ZC3H8	1.0077	1.6141	1.8384	2.5483	0.9432	0.9349	1.5708	1.8189	1.1945	1.5967	0.4302
ZFAT	0.9824	0.1496	0.4515	0.53	0.3425	7.2276	0.5264	0.5434	0.4135	0.2688	1.1909
ZFP36L2	2.3661	6.4957	3.8447	4.358	7.1292	4.0001	3.3313	4.6417	6.1	4.699	2.4723
ZNF683	0.0142	0.3737	0.1154	0.9267	2.2339	0	0	0.4878	1.3882	0.6674	0
ZWINT	0.2468	0.1297	0.3164	6.5307	0.1689	0	4.2887	6.6023	0.0965	0.3022	0.342
