geneSymbol	B_cells	CD4T_memory	CD8T_B	CD8T_G	Dendritic_cells	Monocytes_Macrophages	NK1	NK2	NK3	Plasma_cells	Tregs
AAK1	0.1207	4.5997	3.59795	3.86945	0.72765	3.49785	3.9582	3.4432	3.583	0.8863	3.94485
AC003104.1	0.3818	1.2164	1.8629	1.4175	0.12545	0.23725	1.51615	1.3916	2.3817	0.0341	1.81215
AC004453.8	3.2095	3.89755	2.78735	2.91	2.15695	2.47425	2.64505	2.1955	2.34275	1.03085	2.22655
AC006460.2	0.08905	0.07345	0.86555	0.23825	0	0.0903	0.6557	0.2333	1.03605	0.12105	0.55545
AC009245.3	1.5451	2.2759	1.79825	1.7255	1.7362	0.94585	1.39275	1.4368	1.45985	0.43985	1.5702
AC017002.1	0	0.18055	2.29255	0.2398	0.06185	0.24575	2.7126	0.42835	2.20495	0.44525	4.3868
AC069363.1	0.0092	0	1.51765	0.3889	0.0489	1.38445	0.44305	0.22255	1.8806	0	0.11475
AC092580.4	0.0275	1.04135	3.0814	1.3019	0	0.06935	2.06065	1.1555	3.05045	0.0324	0.48595
ACE	0.08015	0.18555	0	0.1438	8e-04	2.90635	0.00165	0.14505	0.02785	0.0107	0.04195
ACTA2	0.3335	0.5043	1.304	0.60155	0.44245	0.63105	1.4594	0.4048	2.1936	0.2393	1.709
ADAM28	6.0755	0.11085	0.0674	0.1428	0.66055	2.8284	0.35715	0.3503	0.59265	1.9294	0.17185
ADRB2	0.42835	0.48155	0.517	1.3103	0.703	1.8519	0.33445	1.82335	0.29905	0.5569	0.11315
ADTRP	0.02965	0.4365	0.266	0.021	0.4708	0.1513	0.5483	0.16785	0.6185	0.0898	1.6041
AE000661.37	0.0399	0.17005	0.16185	0.0621	0	0.0173	0.7181	1.12225	0.8995	0.0124	0.2375
AFAP1L2	0.3601	0.0201	2.3792	0.45315	0	0.0459	1.57245	0.06585	2.3147	0.0278	0.39625
ANKRD28	0.76385	0.8808	1.5144	0.82825	0.7142	2.118	1.3018	1.1254	1.0186	4.3087	0.9439
ANKRD36BP2	0.2694	0.2168	0.0698	0.1018	0.09855	0.03035	0.17975	0.1927	0.10925	3.58985	0.19915
ANPEP	0.02065	0.0127	0.01325	0	0.09375	5.94425	0	0	0.00225	0.01585	0
ANXA1	0.13135	6.10535	5.77705	7.3651	1.1099	9.0252	4.0395	6.5509	4.17945	0.13395	1.7019
AOAH	0.12265	0.9369	2.0565	3.99695	0.0652	5.2281	1.71915	3.53145	3.21905	0.1265	0.3964
APP	0.43185	0.5216	0.2677	0.17865	6.34535	3.86195	0.2932	0.2334	0.05315	0.0529	0.2937
AQP3	0.08235	2.9793	0.3241	1.26515	0.85975	2.62155	0.82145	0.7389	0.67	2.6415	2.0102
ARHGAP24	5.21825	0.0674	0.0349	0.07445	2.7664	0.84775	0.18395	0.36245	0.13495	0.09805	0.1643
ARHGAP26	0.4306	0.79045	1.91025	2.25895	0.4507	2.69905	1.36995	1.64805	1.5225	0.3304	1.01855
ARHGEF10L	0	0	0.02015	0.0212	0	4.826	0	0.0052	0.0458	0.00915	0
ASF1B	0.11485	0.0418	5.30955	0.05805	0.0649	1.9861	5.5131	0.133	0.4517	0.1626	0.20565
ASPM	0.09735	0	2.8141	0.0358	0.07395	0.726	3.38685	0.1385	0.28935	0.09845	0.178
ATAD2	0.4076	0.45525	4.1368	0.67275	0.0563	1.64725	4.1246	0.72525	0.89935	0.1687	1.06725
ATXN7	0.90865	2.6753	1.7667	2.99	0.8786	1.0132	1.55275	2.45125	2.1989	0.3055	1.75775
AURKB	0.19725	0	4.99835	0.05235	0	1.57745	5.4087	0.11015	0.4312	0.1033	0.053
B3GNT7	0.5686	0	0.134	0.35215	0.3795	2.43315	0.1534	1.27975	0.3687	0.04155	0.0338
BANK1	6.68675	0.05725	0	0.0589	0.62445	0.4325	0.15185	0.1894	0.0424	0.3324	0.0049
BATF	0.6785	2.3105	5.5173	1.40015	0.1863	2.31615	6.06865	1.74825	4.62865	0.38825	7.76095
BCL11A	7.32435	0.1461	0.0051	0.03575	9.59555	1.3764	0.2911	0.2038	0.0295	0.0855	0.1085
BCL11B	0.11915	2.09775	1.8033	2.4371	0.03225	0.0762	2.0936	1.591	2.03295	0	2.29735
BHLHE40-AS1	0.03065	0.2689	0.6595	0.3644	0.28305	0.3934	1.4108	0.5356	1.15065	0.016	2.1354
BIRC5	0.2336	0	4.84215	0	0.0096	1.97275	5.42705	0.03195	0.49435	0.1969	0.2013
BLK	3.9315	0.12575	0.04705	0.0777	1.027	0.03245	0.15995	0.13385	0.0685	0.2334	0.0204
BLNK	5.98725	0	0.04855	0.04605	6.4409	2.71035	0.3121	0.2261	0.0365	3.32735	0.0842
BUB1	0.28365	0.0992	4.09595	0.15315	0.2637	1.50815	4.4971	0.20605	0.63995	0.3858	0.2627
C19orf10	1.6593	1.5688	4.32895	1.22995	5.652	7.45715	4.8433	1.72535	3.29915	6.58235	3.13745
C1orf186	1.2263	0.02585	0.0232	0.0576	5.16615	0.01775	0.05775	0.0053	0.0185	1.1046	0
C1orf21	0.0018	0.03525	0.8826	0.62705	0.53245	1.64555	0.87385	1.0305	0.22075	0.0094	0.0843
C1QA	0.04235	0.04125	0.06155	0.057	0.07825	8.35645	0.07415	0.1955	0.09585	0.02435	0.2197
C1QB	0.0532	0.1256	0.06805	0.0441	0.07985	7.9157	0.0666	0.18435	0.1481	0.0555	0.17095
C1QC	0.04565	0.07615	0.0297	0.0145	0	7.96035	0.03745	0.20605	0.0879	0.0196	0.2015
C20orf112	0.56665	3.4507	1.22215	2.49045	0.37575	3.0573	1.47955	3.49515	1.8974	0.36955	1.92535
C3AR1	0.038	0.42375	0.1451	0.39015	0	7.3954	0.2067	0.42665	0.22745	0.01025	0.8413
C5AR1	0.1493	0	0.0921	0.11855	0	4.2716	0.04005	0.00355	0.06835	0.0026	0.05735
CADM1	0.00145	0.1328	2.2706	0.1888	0	1.40785	3.42415	0.22525	3.44525	2.3157	1.3023
CAMK4	0.53555	3.64265	3.03705	3.48095	0.09815	0.08995	2.94505	1.98865	1.90115	0.2501	2.28345
CASC5	0.65695	0.18465	3.42435	0.0612	0.07865	1.1959	4.0871	0.11	0.3324	0.14855	0.17955
CCDC64	0.25005	1.31655	2.71305	1.9859	0.01255	0.07795	2.5075	1.4248	2.9452	0.00105	2.0537
CCL4	0.1613	0.0326	6.90835	4.14685	1.18855	5.9186	3.9551	4.1923	6.0368	0.1471	0.775
CCL5	0.38535	2.8652	9.36165	9.0863	0.2478	4.7414	6.04085	7.60995	8.85045	0.2759	1.99105
CCNA2	0.1209	0.0623	5.3524	0.211	0.13685	1.69305	5.7152	0.1987	0.9126	0.1473	0.1594
CCR4	0.02975	2.2012	0.3068	0.4358	0.00215	0.0692	1.1235	0.35965	0.47475	0.0025	2.7795
CCR5	0.1351	0.79065	3.1843	1.45815	0.9891	3.3883	3.39655	1.0189	3.8396	0.04465	2.8079
CCR6	3.40095	0.9699	0	0.2103	0.3673	0.4519	0.4029	0.3834	0.04205	0.1124	0.99785
CCR8	0	0.2912	0.013	0.04795	0.0075	0.11795	0.7875	0.13175	0.20325	0.0052	3.57505
CD14	0.03215	0.09495	0.1086	0.1555	0.0506	11.08735	0.08925	0.2288	0.03125	0.0464	0.1267
CD163	0.0526	0.16045	0.0546	0.05935	0.13765	8.356	0.0515	0.1433	0.0594	0.0219	0.0842
CD19	8.25175	0.0122	0.0268	0.03155	0.10565	0.05985	0.32975	0.0878	0.0395	2.35385	0.0058
CD200	0.95225	0.1716	1.4648	0.17425	0.07755	0.06625	1.81935	0.12285	1.1157	0.05115	2.1324
CD22	8.14735	0.0124	0	0.02305	0.20925	0.33975	0.245	0.10785	0.0282	0.1878	0.0138
CD247	0.33835	4.27705	5.81085	4.08415	0.42675	0.2469	5.8449	5.1827	5.41265	0.0265	6.1683
CD28	0.12525	4.15815	3.47235	2.75665	0.0344	0.6415	4.60785	1.8423	3.89525	0.021	5.5274
CD36	0.02575	0.00285	0.01645	0.02305	5.066	1.5807	0.00145	0.0364	0.00555	0.01525	0.0027
CD3E	0.12525	6.17605	6.2959	6.24095	0.6379	0.3062	6.10635	4.5881	7.01605	0.0421	7.147
CD3G	0.2916	8.11865	8.18795	7.58235	0.13445	0.4142	7.8448	5.48585	8.4778	0.0696	8.2334
CD4	0.2022	4.82865	0.02075	0.0749	8.9774	7.92285	2.9517	2.0076	2.21505	0.0187	7.4026
CD40	5.8716	0.12745	0.02545	0.0541	2.0059	5.6855	0.36445	0.36925	0.0805	1.40665	0.4194
CD40LG	0.20575	2.8642	0.06315	0.23095	0.0234	0.04635	0.82285	0.85985	0.88365	0.0071	1.5997
CD5	0.02165	4.65055	3.0409	3.50955	0.6971	0.23215	4.07065	2.5176	3.1449	0.00695	5.1057
CD6	0.2537	4.02535	4.07385	3.68375	0.05265	0.18775	3.4263	2.8875	3.6577	0.07695	3.43145
CD72	5.21885	0.22235	1.3952	0.5111	1.7518	1.39065	0.877	0.6608	1.02425	0.0343	0.6147
CD79A	9.0375	0.0847	0.35265	0.11505	0.6466	0.05775	0.8611	0.5125	0.8456	6.35555	1.15655
CD79B	9.19285	1.05835	1.73355	0.2883	0.04155	0.32355	2.3466	1.1118	1.8156	3.3086	2.4771
CD8A	0.0713	0.52095	9.4754	9.1596	0.13975	0.06555	1.53	1.0219	2.85335	0.07495	0.4677
CD8B	0	0.43525	7.3831	5.89845	0.00665	0.08275	1.399	0.4743	2.6386	0.0308	0.4987
CD8BP	0	0.0753	2.0565	1.40935	0.01125	0.0319	0.4145	0.1128	0.83415	0	0.1675
CD96	0.5507	5.20945	6.7668	5.98225	0.0424	0.2803	6.08155	5.16015	6.5897	0.08645	5.19445
CDC45	0.0392	0	3.71275	0	0	1.47075	4.018	0.10555	0.1712	0.0568	0.0959
CDCA3	0.2054	0.06755	3.41445	0.05865	0.06615	1.40295	4.42955	0.0591	0.14325	0.1861	0.0805
CDCA5	0.082	0.0117	4.81645	0.0454	0.03515	1.58585	5.1742	0.076	0.2234	0.0763	0.0139
CDCA7	0.886	0.24905	5.60405	0.3531	0	1.4761	4.6538	0.2196	1.2525	0.00705	0.65415
CDCA8	0.18415	0.00405	3.86855	0.0397	0.05655	1.2204	4.07455	0.0789	0.2736	0.0905	0.041
CDK1	0.3106	0.0939	6.0336	0.06885	0.1631	2.77025	6.3848	0.1197	0.3731	0.14285	0.161
CDKN3	0.25005	0.0833	5.2449	0.1509	0.1827	1.98495	4.65935	0.204	0.76375	0.29815	0.5073
CENPE	0.17385	0.1169	2.7172	0.1731	0.14255	1.0538	3.53965	0.07745	0.5794	0.12735	0.28395
CENPF	0.15895	0.071	3.95625	0.338	0.107	1.28345	4.4336	0.31685	0.78405	0.08775	0.37725
CENPM	0.75515	0.2364	6.06005	0.4971	0.0357	2.20395	6.43725	0.3122	1.16195	0.7594	1.06815
CHAF1A	0.28325	0.0381	1.6118	0.14125	4.36645	0.64605	1.6785	0.10255	0.4619	0.09775	0.1732
CKS1B	0.8749	0.22095	6.2588	0.3402	1.54275	3.95075	6.856	0.61485	0.9613	0.6303	0.9471
CLEC17A	3.49275	0.01315	0.0674	0.007	0.09935	0.02075	0.17465	0.11055	0.0454	0.3046	0
CLEC4C	0	0	0	0.039	6.2706	0	0.02465	0	0	0	0
CLEC5A	0	0.00405	0	0.03115	0.02735	7.2666	0	0.02985	0	0.01155	0
CLEC7A	0.0338	0.09275	0.0209	0.05995	0.1452	8.0456	0.1001	0.23665	0.20975	0.086	0.6457
CLIC3	0.1166	0.09475	1.05265	0.8141	8.37555	0.05405	0.4517	1.3318	1.42895	0.20485	0.04915
CLIC4	2.19505	0.00245	0.15265	0.0756	1.064	4.68945	0.5663	0.11695	0.1163	2.9078	0.18965
CLSPN	0.06805	0.0583	3.216	0.04615	0.00495	1.1659	2.85965	0.1494	0.5575	0.07605	0.2399
CNR2	3.04075	0.1823	0.07205	0.16785	0.78065	0.03865	0.28425	0.25815	0.1878	0	0.10515
CPNE5	3.51285	0.0885	0.00295	0.01785	0.068	0.0512	0.33505	0.06785	0.06445	3.06045	0.1358
CR1	2.1206	0.18085	0	0.03345	0.0104	1.02655	0.02525	0.10885	0.0127	0.04725	0
CR2	3.9692	0.0739	0.015	0.0653	0	0.0017	0.1299	0.16945	0	0.22665	0.0912
CRADD	0.229	0.3511	1.0342	0.38345	0.6921	1.0879	1.59715	0.26535	0.782	0.82245	2.89225
CRELD2	0.75105	0.47945	2.4111	0.6102	1.14345	2.75645	2.73075	0.6103	1.8293	5.07215	1.5451
CRTAM	0.0241	0.3019	4.60405	2.32185	0.0044	0.6892	2.90575	1.75255	4.2414	0.06695	0.3582
CSF1R	0.1292	0.1271	0.06075	0.02365	1.89045	8.46505	0.2955	0.1883	0.1514	0.02345	0.1029
CSF2RB	0.82115	0.08065	0.00445	0.0927	6.4601	4.18905	0.266	0.0349	0.0618	1.59245	0.8306
CSRNP1	1.9642	2.73985	2.4937	3.38235	2.20055	3.13895	2.2614	3.99905	2.6544	1.00775	3.23725
CST3	0.00965	0.0599	0.3184	0.2044	9.2174	9.2709	0.2203	0.21775	0.45235	0.58305	0.1825
CST7	0.0739	1.9547	8.0432	6.67445	0.26895	0.53295	5.96605	6.21385	8.0574	0.087	5.18855
CSTA	0	0.05835	0	0.0226	0.0302	5.54925	0	0.0549	0.0328	0.03445	0
CTA-250D10.23	4.4004	0.07545	0.18035	0.17145	0.1275	0.1058	0.32285	0.19795	0.1737	0.44	0.0548
CTBP2	0.04835	0.1468	0.04935	0.18545	1.02345	1.9193	0.1669	0.66455	0.1198	0.02965	0.12475
CTD-2313F11.1	0.01315	0.35035	0.61755	0.8102	0	0	0.84195	0.69555	1.314	0.0134	0.1595
CTD-3035D6.1	1.77315	2.25705	1.50595	1.7482	1.15685	1.32635	1.40485	1.41955	1.13355	0.4787	1.2143
CTLA4	0.1578	1.77035	3.81385	1.33175	0.0161	0.3117	3.86805	1.0812	5.5035	0.03695	6.97095
CTSW	0.10615	1.72385	7.49645	5.73315	0.5724	0.56585	3.8091	5.33235	5.31415	0.2025	0.5165
CX3CR1	0.0287	0.0044	0.25865	0.54275	0.50345	1.5972	0.08955	1.33515	0.2346	0.0101	0.5674
CXCL13	0.14905	0.07875	5.39495	0.88765	0.02755	0.0492	2.80825	0.5314	4.0438	0.08705	2.6689
CXCR5	5.32665	1.1341	0.24805	0.9146	0.13685	0.25185	0.6039	0.57785	0.8701	0.2582	1.33055
CXCR6	0.1294	1.1161	3.11705	1.2148	0.1748	0.25495	3.7347	0.84345	3.86545	0.06895	4.3925
DERL3	0.70745	0.0211	0.62195	0	6.32525	0.361	0.7965	0.0564	0.03905	7.6693	0.0671
DGKA	3.9387	6.1546	4.57745	4.0086	1.48795	2.2337	5.20805	3.10235	5.0719	1.14925	6.3652
DGKH	0.0481	0.44105	1.87995	0.38195	6e-04	0.34465	1.36905	0.4956	1.58975	0.00325	1.3279
DHFR	0.2993	0.18845	4.5422	0.24545	0.2071	1.7208	4.1113	0.1801	0.3832	0.09525	0.2558
DHFRP1	0.07145	0	3.7204	0	0.0421	1.2124	3.1909	0.03905	0.16575	0.0376	0.0705
DHRS3	0.1661	2.28135	0.6935	1.4066	0.0699	4.6101	0.73085	2.0057	0.59725	0.01515	0.5694
DLGAP5	0	0.01035	3.33275	0	0	0.9912	3.86985	0.0401	0.2854	0.0685	0.0392
DNASE1L3	0.55725	0.03445	0.0233	0.0411	6.27135	0.00365	0.029	0.1048	0.04325	0	0.0256
DOK3	3.88145	0.08565	0.0984	0.0067	0.0952	6.023	0.36175	0.1175	0.2257	2.0339	0.05005
DTHD1	0	0.3174	1.47655	1.13925	0.007	0.0268	1.87985	0.9053	3.48775	0.0125	1.0343
DTL	0.0699	0	3.54365	0.1163	0.05935	1.35775	3.9576	0.12985	0.39355	0.12065	0.2848
DUSP16	0.20725	0.888	1.1238	0.7931	0.3189	0.1773	1.48645	0.8772	0.9629	0.0475	2.7783
DUSP4	0.9066	1.08185	5.6905	2.54325	0.39955	0.39755	5.47035	2.3754	5.5656	1.0757	5.86495
EBF1	3.6396	0.03235	0	0.032	0.00415	0.03835	0.16395	0.09315	0.04405	0.24715	0.04705
EEF1A1P11	1.5918	2.2532	1.2095	1.72115	1.58875	0.9786	1.3314	1.5294	1.27545	0.3539	1.65505
EEF1A1P12	1.59965	2.32675	1.30785	1.7367	1.69045	1.18075	1.1353	1.395	1.45245	0.42705	1.488
EEF1A1P19	1.27585	1.70585	0.8179	1.2405	1.0324	0.73845	0.8075	1.12475	0.89605	0.2279	1.14725
EEF1A1P8	0.54025	0.8631	0.36695	0.59175	0.5347	0.31255	0.35385	0.4329	0.3757	0.10485	0.516
EGLN3	0.0331	0.34735	0.1026	0.0275	6.14645	2.5799	0.0882	0.2217	0.10725	0.0192	0.0278
EGR3	0.62	0.09195	0.21905	0.36665	0.02895	0.5367	0.19915	0.84425	0.09705	0.0443	0.4183
ELL2	1.49825	0.83895	1.25585	2.0285	1.54805	2.25865	1.6008	1.8275	1.4561	3.17725	0.94235
EOMES	0.00405	0.28515	2.5383	1.0578	0.02815	0.02415	2.22495	0.7533	1.91525	0	0.1036
EPHB1	0	0.01345	0.027	0.0224	4.83665	0.03295	0.05505	0.0255	0.0974	0	0.01895
ERLEC1	1.8246	1.45325	3.2845	1.3414	2.5328	4.144	2.94245	1.439	2.62785	4.99605	2.149
ESCO2	0.037	0.0059	3.29715	0.0077	0.0022	1.21635	3.0258	0.07345	0.13145	0.0497	0.0345
ESPN	0.05375	1.4947	0.21085	0.64905	0.00945	0.04255	0.39405	0.91855	0.47235	0.00955	1.34965
ETV7	0.2759	0.3549	1.3538	0.13575	0	0.4722	1.427	0.34095	0.88435	0.3557	2.57825
F2R	0.0396	0.77145	3.00905	1.8272	0.0102	0.06085	2.7152	1.02195	2.815	0.38775	0.9019
F5	0.0198	0.5587	0.4435	0.087	0.00105	1.3521	1.12545	0.08415	0.50845	0.0012	3.05775
FAAH2	0.22615	1.19635	0.31015	0.4805	0.2381	0.0253	1.14905	0.91415	1.17785	0.76475	2.5823
FAM129C	3.15135	0.017	0.03565	0.01945	4.97825	0.01275	0.07405	0.15255	0.04795	0.0016	0.02395
FAM198B	0	0.01165	0.00815	0.0019	0.131	4.19075	0.00225	0.0053	0.0018	0.0086	0
FANCI	0.2913	0.1205	5.0581	0.21815	0.5088	1.5808	4.8645	0.25575	1.0585	0.1442	0.7203
FAS	0.93845	0.9688	2.81115	1.3392	0.28585	1.39955	3.7732	1.4299	3.0578	0.9757	4.19845
FASLG	0	0.2164	3.36055	0.87995	0	0.0485	2.20235	1.277	2.37075	0.0073	0.2041
FBLN7	0.0655	1.39415	0.06855	0.3161	0.1418	0.08315	1.1561	0.7032	0.63255	0.0179	2.8969
FBP1	0.02715	0.06595	0.03845	0.08785	0.92235	10.0062	0.0444	0.3203	0.07635	0.4037	0.1456
FCER2	5.321	0.007	0.0229	0.0283	0	0.08415	0.01305	0.1484	0	0.1663	0
FCGR1A	0	0	0.03485	0.1098	0.06675	6.89765	0	0.1028	0.0394	0.0302	0.0524
FCGR2A	0.3638	0.09	0.1829	0.2018	0.2496	7.8277	0.12145	0.2897	0.10005	0.22815	0.1263
FCGR2C	0.7646	0.0305	0.0933	0.05475	0.14565	5.7087	0.1287	0.231	0.0321	0.54145	0.0433
FCGR3A	0.04635	0.083	0.7524	1.04175	0.0756	7.95845	0.15735	1.89625	0.4585	0.0403	0.17255
FCRL1	6.14125	0	0.0369	0.0041	0.0166	0	0.21245	0.1604	0.06145	0.21325	0.02865
FCRL2	3.09415	0.00765	0.00655	0	0.00505	0.02685	0.13945	0.05575	0	1.2138	0.0595
FCRL5	3.9523	0.00795	0.0465	0.0161	0.4491	0.0235	0.13585	0.16535	0.01845	5.15255	0.01965
FCRL6	0.0566	0.15235	0.75975	1.20245	0.04055	0.5201	0.36815	1.66015	0.98815	0.02495	0.0864
FCRLA	4.9794	0.0088	0	0	1.5901	0.06115	0.2955	0.08405	0	0.5165	0
FEN1	0.4478	0.29335	5.22845	0.20275	1.34135	2.79255	5.98125	0.42665	1.0745	0.50495	0.5541
FER1L4	0	0	0.0089	0.12165	0.01515	0.02985	0.08765	0.0604	0.0333	3.10195	0.07495
FGD2	5.85425	0.1371	0.24865	0.137	5.9561	3.98205	0.3884	0.4222	0.35185	1.86815	0.22555
FKBP11	0.43525	1.90735	2.23625	1.87905	0.79735	0.81805	1.9393	1.903	1.336	8.34	0.81345
FKBP2	1.0139	1.55535	3.58295	1.25465	5.7462	6.15365	4.0027	1.7564	2.32025	7.006	1.82655
FLT3LG	0.31385	3.8117	1.75715	3.1185	0.1065	0.9081	2.19505	1.9692	1.3393	0.16065	2.20005
FN1	0.1308	0.2319	0.13055	0.04735	0.0694	8.11295	0.178	0.1238	0.2032	0.0404	0.1505
FNDC3B	0.21895	0.29895	0.3448	0.57335	0.37885	4.6986	0.79705	0.983	0.51255	3.11785	0.8806
FOSL2	0.5436	2.54765	2.54615	3.8165	4.4605	3.934	2.10955	4.13325	2.5824	0.4721	2.823
FOXP3	0.05145	0.44655	0	0	0	0.1051	0.78695	0.0685	0.15605	0	3.7051
FPR3	0.0156	0.00545	0	0.0109	0.06975	5.2903	0.0031	0.0359	0.0089	0	0.01375
FYN	1.11835	4.39785	7.4182	6.6453	0.9928	0.5236	6.13375	6.21855	6.9965	0.034	6.4308
GABARAPL1	0.5524	0.97785	3.04925	3.4071	1.8815	3.8816	1.9497	2.65095	2.70155	0.25945	1.56345
GALNT11	0.5483	0.58335	1.5191	1.7116	0.49755	2.3824	1.30945	1.37175	1.5291	0.26875	0.86005
GAPT	2.0819	0.0808	0	0.0279	5.0761	0.5387	0.1068	0.16495	0	0.01255	0.0054
GAS6	0.18435	0.07245	0.0714	0.07725	4.3823	1.32055	0.1141	0.08485	0.1013	1.6512	0.0513
GATA3	0.13325	1.6095	2.20885	1.5098	0	0.8705	2.06915	2.2174	1.9857	0.0104	3.15885
GEM	0.10075	0.12585	3.05025	0.4215	0.56775	1.88855	2.1926	0.58605	2.9582	0.07235	2.3422
GIMAP1	0.0983	1.48385	1.22555	1.62705	0.0251	2.04145	1.3169	0.98325	1.5502	0.0607	0.8001
GIMAP5	0.11435	4.291	3.9238	3.3757	0.0958	3.3609	3.90215	2.3981	4.51125	0.02615	2.8008
GIMAP7	0.177	5.1995	4.85135	3.44685	0.04175	3.0046	5.00005	3.6543	4.9906	0.03985	3.05595
GK	0.4405	0.66475	1.71555	0.42555	0.5994	5.6963	2.33455	0.6672	1.30615	0.23065	3.38555
GNAQ	0.0611	0.8578	0.08435	0.4474	1.17065	1.99825	0.17265	0.2875	0.18085	0.02985	0.29545
GNLY	0.03565	0.37575	2.674	2.4867	0.0707	0.2087	2.74035	5.08885	3.057	0.0325	0.654
GPNMB	0.04615	0.10575	0.1697	0	0.0393	7.31515	0.0334	0.0728	0.01835	0.0925	0.07415
GPR171	0.01725	1.81725	3.41235	1.831	0.3552	0.0631	3.602	1.75305	3.44715	0.02315	1.9522
GPR56	0	0.1012	2.00035	1.38285	0.15425	0.3109	1.09595	1.77145	2.69655	0.0174	0.88175
GRAP2	0.39135	2.1904	3.13225	3.15495	0.00825	0.15995	1.5933	2.07125	1.7897	0.0029	1.9584
GTSE1	0.0664	0	2.73345	0.00315	0.0728	1.00435	3.2245	0.1219	0.28815	0.0755	0.04865
GZMA	0	2.2671	8.46715	5.1114	0.0681	0.3162	6.4353	5.8562	7.32705	0.06465	1.4242
GZMH	0.06895	0	5.316	2.91725	0.86405	0.089	3.79445	3.121	4.6051	0.03795	0.21445
GZMK	0.02455	1.45705	5.3903	5.11005	0.02035	0.10435	5.5098	3.22975	6.61	0.05395	0.84615
GZMM	0.01905	1.46235	2.9777	3.12345	0	0.0745	1.8814	2.3722	2.61555	0.0087	1.81575
HAVCR2	0.0729	0.661	5.64995	0.94565	1.44405	6.3169	4.91575	1.43485	6.0515	0.0468	1.9867
HCK	0.2861	0.0528	0.0222	0.08345	1.45595	7.7721	0.03325	0.07815	0.0361	0.0871	0.04645
HID1	0.02515	0.1411	0.00335	0	0.195	0	0.0239	0.06965	0	2.7039	0.03615
HIST1H3G	0.08335	0	2.37995	0	0	0.8016	2.7877	0.0489	0.0741	0.0895	0.03995
HK3	0.00485	0	0.0167	0.01835	0.0031	7.21845	0.0656	0.0102	0.01005	0.0365	0
HLA-DOB	5.0815	0.1746	0.1269	0.0865	0.8005	0.22365	0.43685	0.016	0.03455	1.5738	0.1894
HNMT	0	0	0.0412	0	0.1071	7.2115	0.0146	0	0.02495	0.00485	0.06715
HNRNPA1P21	0.11045	0.1124	0.14535	0.0872	0.0472	0.0494	0.55615	0.1423	0.2321	0.0032	2.2425
HOPX	2.0595	0.7855	2.79845	1.8254	0	0.14455	1.43905	3.2541	1.56625	0.1591	0.42435
HS3ST3B1	0.1541	1.0637	0.7939	0.80605	4.38695	1.11	1.7278	0.82475	1.0979	0.057	3.14655
HSPA8P1	0.55555	0.7047	0.9633	1.0716	0.55115	0.55595	0.78615	0.89135	0.787	0.12615	0.9234
HVCN1	5.3558	0.0607	0.8737	0.2849	4.68235	2.54295	0.7325	0.7337	0.6738	0.1425	0.2057
ICA1	0.11735	0.40235	0.66735	0.11575	0.0145	2.19115	1.15805	0.1791	0.8604	0.0309	2.844
ICOS	0.13255	3.39245	3.68345	1.3667	0.0075	0.3012	3.3571	1.7602	3.0494	0.0302	6.7166
ID2	0.7753	3.77355	6.987	6.1108	2.93925	5.8792	5.43305	6.87235	6.18345	0.2488	4.29945
IFNG	0.16435	0.45215	5.912	2.6391	0.03355	0.13365	3.9207	2.7968	4.1591	0.16875	1.26465
IGHA1	1.7625	0.0661	0.0063	0	0.05195	0	0.3169	0.3318	0.2189	7.662	0.05435
IGHA2	0.61675	0.02675	0	0.00715	0.0161	0	0.2031	0.09035	0.14	4.64865	0.02235
IGHD	5.17975	0.0152	0.0452	0.0077	0.2603	0.0251	0.10775	0.1378	0.0728	0.1047	0.0659
IGHG1	4.9167	0.05185	0.23265	0.05335	0.34055	0.07925	0.8874	0.3615	0.136	11.0457	0.2539
IGHG2	3.3472	0.0091	0.06775	0.0216	0.08725	0.04555	0.30995	0.18995	0.02475	7.87725	0.121
IGHG3	3.5839	0	0.0391	0.01035	0.12855	0.0514	0.3231	0.1811	0.0546	8.12485	0.072
IGHG4	1.7376	0	0.08495	0	0.07895	0.0296	0.1369	0.1467	0.0177	6.795	0.02465
IGHGP	2.1661	0.02365	0.02075	0.01245	0.03675	0.0127	0.22645	0.11575	0.01885	6.31595	0.0629
IGHM	8.1197	0.18215	0.80465	0.10015	6.80745	0.0473	0.81195	0.26965	0.4624	2.96185	1.0044
IGJ	2.9382	0.13805	0.044	0.0159	12.0951	0.0188	0.6792	0.17995	0.09195	11.52475	0.11565
IGKC	7.63985	0.14975	0.29385	0.202	8.85485	0.11125	1.32585	0.5037	0.4543	13.45465	0.38055
IGLC1	3.03815	0.0717	0.06735	0	0.1368	0.02605	0.2442	0.15125	0.09785	7.59485	0.0649
IGLL5	2.9548	0.0287	0	0.0271	0.05765	0.0085	0.2123	0.1626	0.01045	6.17955	0.04575
IGLV3-1	0.77365	0	0	0	0	0	0.01405	0.0368	0.03035	4.0808	0.02165
IKZF2	0.22405	0.5506	0.9895	0.5449	0.4577	0.30195	2.603	1.272	2.15545	0.00035	3.04005
IKZF4	0.0441	0.20965	0.8715	0.2332	0.07	0.54715	0.88875	0.2061	0.7748	0.03655	2.2193
IL12RB2	0.0274	0.519	0.0944	0.2058	0.0325	0.11545	0.85405	1.26485	0.29365	0.00125	2.35515
IL2RA	0.39635	0.6208	0.39155	0.15425	0	3.5658	1.41735	0.56655	0.5362	0.0294	4.0901
IL2RB	0.2236	3.4079	6.36045	4.4961	0.0123	0.34495	5.30585	5.1912	6.05715	0.2142	6.7535
IL3RA	0.1264	0.04295	0.03115	0.05885	7.86965	1.5353	0.05405	0.05345	0.0172	0.07745	0.07015
IL7R	0.19205	7.13305	0.94945	5.77025	0.1293	4.8337	1.1851	4.9585	1.848	0.0498	4.0372
ITM2A	0.44155	3.4384	8.11075	3.9103	0.273	0.2014	6.8829	3.56765	7.198	1.23355	6.6058
ITM2C	1.15085	0.89185	0.9414	2.24875	8.95535	0.44795	0.8348	1.15305	1.14995	6.64415	0.43505
JAKMIP1	0.0574	0.3335	3.71355	0.81185	0.01145	0.0608	3.71	0.9297	2.8434	0.03825	1.6213
JMJD6	1.75265	0.99875	4.04765	3.91885	2.2598	3.84385	2.9016	2.8458	2.74325	1.3813	2.3526
KB-1208A12.3	0.9065	1.18745	0.57005	0.8534	0.59845	0.63655	0.73075	0.6448	0.5674	0.15675	0.45835
KCNN3	0.27575	0.00155	0.0274	0.0432	0.01025	0	0.05515	0.03765	0.00865	2.10485	0.01155
KCTD12	0.05815	0.0492	0.0374	0.09025	0.8722	3.72655	0.108	0.11595	0.0462	0.0745	0.1085
KDELR1	1.13475	0.95245	2.3152	0.73605	2.77975	5.38545	3.07645	0.8396	1.903	4.18365	1.8429
KIAA0101	0.5692	0.03055	7.5501	0.0964	0.0398	2.8509	7.4506	0.16395	1.0555	0.1418	0.68345
KIAA0226L	5.0943	0.044	0.044	0.05715	5.41145	1.52245	0.395	0.18735	0.07105	0.07445	0.07905
KIAA1324	0.10545	0.35925	0.81715	0.36495	0.0109	0.1811	1.16495	0.4525	1.22405	0	2.06315
KIF11	0.2817	0.12435	3.8914	0.0705	0.06405	1.4531	4.25515	0.0975	0.33675	0.0673	0.1765
KIF15	0.05735	0.0188	2.7362	0	0	0.8116	2.96465	0.0419	0.11865	0.01975	0.0661
KIF18B	0.06265	0	3.1567	0.0046	0.0041	0.82915	2.9874	0.0385	0.1157	0.0598	0.1186
KIF23	0.04035	0.10885	3.85765	0.03015	0.03265	1.1816	3.8761	0.1706	0.25895	0.05815	0.2031
KIF2C	0.22375	0.03765	3.84275	0.0865	0.03625	1.3275	3.95635	0.0694	0.245	0.07315	0.1536
KIFC1	0.2148	0.01385	3.5251	0.0388	0.1214	1.3753	4.3948	0.04305	0.29235	0.0415	0.1374
KLRB1	0.0087	2.35015	0.35465	0.8738	0.01775	0.17065	0.62515	3.26805	0.65945	0.0166	2.4419
KLRC1	0.01185	0.103	1.6385	0.8584	0	0.0413	0.6161	2.00035	1.4045	0.0068	0.01325
KLRC3	0	0.135	1.64565	0.6395	0	0.0134	0.78065	1.2296	1.2533	0	0.02855
KLRC4	0	0.18555	2.91525	1.69535	0.02735	0.0376	1.58075	0.97825	2.48685	0.0203	0.04195
KLRC4-KLRK1	0.19165	0.34205	3.60285	3.4274	0.03915	0.0219	2.26405	2.04815	3.007	0.00525	0.1547
KLRD1	0.03265	0.1655	5.5587	2.54025	0.02695	0.05685	2.27895	3.62675	3.01105	0.0431	0.0868
KLRK1	1.14265	1.326	8.37935	8.02735	0.1133	0.10265	4.97825	5.2857	6.7726	0.12415	0.3867
KMO	2.57935	0.02815	0	0.00415	1.96605	3.6859	0.08385	0.0691	0.04325	0.2067	0.05145
LAG3	0.0064	0.27775	4.0019	1.75985	0.41575	0.11715	2.7789	0.83835	3.2681	0.07975	1.31085
LAIR2	0.1207	0.20445	0.95765	0.15055	0.87175	0.3475	0.6227	0.3054	0.86825	0	2.0974
LAMP5	0.08495	0	0	0	4.7328	0.14875	0.0375	0	0	0.22025	0
LAT2	5.83435	0.3617	1.05585	0.241	0.2728	6.72465	1.1292	1.5399	0.68605	1.22495	0.5657
LAYN	0	0.1318	1.45275	0.2433	0.0243	0.07835	0.98555	0.15505	0.98855	0	2.4303
LDLRAP1	0.19135	2.12195	0.65735	1.5246	0.24395	1.0214	0.6486	1.01535	0.53345	0.8028	0.7242
LEF1	0.1766	3.17345	0.90655	1.8554	0.07285	0.03005	1.771	1.4013	1.2591	0.08575	2.5822
LGMN	1.16865	0.27605	0.1456	0.20725	6.2349	3.17135	0.3395	0.30475	0.16415	1.1199	0.7693
LILRA4	0.32385	0.02785	0.0226	0.0037	10.6042	0.19595	0.05655	0.0195	0	0	0
LILRA6	0.05595	0.09095	0.0151	0.17105	0.48865	4.88335	0.0273	0.07415	0.0605	0.03915	0.0644
LILRB2	0.16785	0.01825	0	0.0686	1.71315	5.74935	0.01385	0.01075	0.0328	0.02645	0.01785
LILRB4	0.10415	0.0074	0.03225	0.0076	8.2661	7.8766	0.0496	0.1587	0.05755	0.2119	0.06105
LINC00484	0.03585	0.03685	0.56315	0.05355	0.03705	0.2541	0.5228	0.14565	0.8624	0.03545	0.08675
LINC00926	3.96455	0.03705	0.01245	0.05825	0.0852	0.07625	0.205	0.0938	0	0.0744	0.07775
LINC00996	0.22735	0.04755	0.2374	0.12705	3.9289	0.20695	0.13935	0.45815	0.1929	0.11395	0.01105
LRP1	0.0548	0.18865	0.0637	0.17105	0.07475	5.62245	0.05425	0.14955	0.0772	0.092	0.0772
LRRC25	0.1234	0.018	0.0041	0.04555	2.0076	6.5009	0.0305	0.0618	0.0146	0.0121	0.05755
LTA	1.61975	0.75315	0.71215	0.2766	0.14745	0.04995	1.5696	0.5435	1.06775	0.0299	2.7125
LTB	6.21435	6.4064	0.686	3.1195	5.76705	0.53405	2.59725	2.9331	2.41775	0.0033	6.96565
LY86	3.96675	0.02375	0.0053	0.12205	0.70235	5.5764	0.1072	0.1203	0.049	0.0178	0.006
LYZ	0.068	0.09245	0.0529	0.10685	0.8748	10.0767	0.1264	0.17205	0.19645	0.1944	0.13325
MAD2L1	0.38425	0.3295	5.52375	0.34935	0.49735	2.54315	5.9341	0.0572	0.7485	0.21525	0.45565
MAF	0.1089	1.31175	0.5225	0.83365	0.05955	2.27685	1.29815	1.14685	1.5498	0.0158	3.8675
MAFF	0.2979	0.49005	0.55345	1.2404	0.252	0.95305	0.5363	2.12235	0.65625	0.2516	0.51165
MAGEH1	0.41085	0.81965	1.5304	0.27765	0.9682	1.10175	1.70765	0.34075	1.1968	1.01425	3.76565
MAL	0.10205	1.93065	0.2002	0.61955	0.2716	0.0794	0.3581	0.24765	0.85795	0.0548	2.10405
MAN1C1	0.01345	0.7097	0.0701	0.7254	0.05855	0.77345	0.06875	0.2773	0.2463	0.0018	0.14915
MANEA	0.438	0.3634	1.2292	0.24715	0.1089	1.20305	1.1916	0.2081	0.84895	2.8017	0.65965
MAP1A	0.1373	0.02965	0.02155	0.07285	3.90485	0	0.08885	0.06085	0.064	0.00375	0.0535
MARCKS	1.2141	0.03555	0.0582	0.01885	0.0451	3.85545	0.1384	0.1077	0.05295	1.3469	0.04245
MARCO	0.00635	0.0444	0	0	0.04015	8.3194	0.01165	0	0.0351	0	0.03575
MAST4	0.5058	0.72985	0.6647	0.46705	0.21905	0.1937	1.14155	0.46985	0.91605	0.1236	2.04505
MATK	0.0668	0.2501	1.0478	0.9573	0.0456	2.0942	0.50435	1.8251	0.6887	0	0
MCM10	0.02905	0	2.67095	0	0.03475	0.94655	2.48745	0.07015	0.20385	0.0498	0
MCM2	0.55595	0.23175	5.21325	0.11985	0.2784	2.08655	4.73105	0.25535	1.19425	0.16445	0.50535
MCM4	0.24175	0.1376	5.91225	0.20405	0.237	3.6499	5.5058	0.27575	1.31065	0.14305	0.526
MEF2C	6.19535	0.11665	0.10595	0.13265	5.05585	3.48595	0.28125	0.2545	0.0266	2.92345	0.2329
MELK	0.1523	0.0084	4.0801	0.0402	0	1.79065	4.07245	0.0633	0.16105	0.08845	0.11345
MGAT4A	1.0196	3.5378	1.11765	3.28125	3.5974	5.27145	1.5507	2.712	1.53715	0.2683	1.022
MICAL2	0.0042	0.67935	1.73675	1.02685	0.43045	1.97505	2.24715	1.18375	1.763	0.00055	3.2038
MIR4426	2.19225	2.6783	1.5593	2.1578	1.66925	1.40485	1.5227	1.9014	1.4384	0.35765	1.44695
MKI67	0.19125	0	4.62305	0.07245	0.0529	1.4303	4.81175	0.22975	0.70745	0.1044	0.23295
MLF1IP	0.2667	0	4.7422	0.09965	0.2772	2.2232	5.00785	0.22995	0.5608	0.14285	0.10405
MNDA	0.64185	0.01035	0.02165	0.14275	0.99685	7.01005	0.0339	0.05295	0.0843	0.0742	0.0293
MPEG1	1.82175	0.01455	0.02225	0.008	8.34115	4.31555	0.0524	0.00885	0.01205	0.03845	0.01425
MRC1	0.00075	0	0.00205	8e-04	0.0936	4.3267	0	0.062	0.03085	0.00105	0.05795
MRC1L1	0.00075	0.0409	0.00205	8e-04	0.2113	6.32085	0	0.062	0.1074	0.00105	0.14425
MS4A1	10.4906	0.2609	0.01515	0.4988	0.07255	0.0429	0.331	0.52825	0.1711	0.19515	0.08435
MS4A4A	0.0376	0.06085	0	0.03705	1.19455	6.96765	0.02745	0.0402	0.0148	0.04895	0.06375
MTND4P12	0.9454	1.2259	1.19885	1.44815	0.79995	2.04765	0.7717	1.61405	0.5798	0.2568	1.0405
MYO7A	0.12555	0.34545	2.91255	0.4182	0.0016	1.8293	1.63645	0.66325	2.26075	0	2.25275
MZB1	1.5509	0.36635	1.5523	0.31005	7.48225	0.04075	2.04915	0.45935	1.3058	9.65435	1.58355
NAB1	0.4632	0.62615	3.8967	1.11595	0.3836	1.1509	4.1483	1.06925	4.39405	0.3928	2.96675
NAPSB	7.57275	0.07715	0.11135	0.0572	11.00075	0.7235	0.39405	0.16685	0.0409	0.01785	0.13
NCAPD2	0.8227	0.7396	4.4828	0.57945	0.59245	1.96805	5.5045	0.7038	1.22505	0.374	1.04415
NCAPG	0.25125	0	3.48205	0.0048	0.01955	1.3867	3.792	0.0757	0.32135	0.11365	0.21785
NCAPH	0.20425	0.06475	3.92245	0.2846	0	1.47645	4.71925	0.1682	0.48595	0.1407	0.58045
NCF1C	5.8164	0.0978	0.1077	0.1555	4.6413	3.2748	0.275	0.16765	0.1314	2.0196	0.10005
NCR1	0.06165	0	0.07635	0	0	0.04765	0.8049	0.9037	1.30775	0.00825	0.1092
NDC80	0.1919	0.34115	4.48325	0.34485	0.1258	1.1404	4.5535	0.21075	1.0041	0.07575	0.84285
NDFIP2	0.013	0.69715	3.3321	0.844	0.09015	0.67655	3.54795	0.99345	3.13565	0.59055	3.13205
NELL2	0	2.0056	2.9439	3.4063	0.00515	0.0671	2.04885	1.5358	2.66815	0.0451	1.2452
NFAM1	0.0979	0.03725	0	0.06695	0	3.88775	0.01615	0.02915	0.0389	0.0041	0.0914
NKG2-E	0	0.1218	1.72705	0.55625	0	0.01445	0.79505	1.23895	1.1364	0	0.03715
NKG7	0.22645	0.783	10.6184	7.7845	2.80585	1.10815	6.6662	7.04805	9.33285	0.1207	1.06655
NLRP1	2.0582	3.08455	1.54525	3.4432	0.1933	1.9199	1.7671	2.23835	2.5567	0.81605	2.6373
NOTCH4	0.0495	0.1013	0.18715	0.0292	3.7258	0.91335	0.2513	0.13165	0.20235	0.0322	0.0276
NPC2	2.7736	1.33205	1.596	0.70825	9.5453	10.15	2.0127	1.19625	0.9417	5.2871	1.55905
NUF2	0.37265	0.06725	3.3629	0.10465	0	1.31585	4.1213	0.14805	0.3434	0.0773	0.1845
NUSAP1	1.1085	0.02555	6.6542	0.72745	1.01365	2.33305	6.74885	0.58745	1.445	0.23795	1.63085
OASL	0.117	0.85155	4.88875	2.7895	0.25945	0.56215	4.2008	2.2359	3.8963	0.4061	1.92945
OLR1	0.073	0.0325	0	0.04115	0.01775	5.78265	0	0.0321	0.04845	0.02265	0.01065
OXNAD1	0.7645	3.76715	3.29615	2.78185	0.66015	1.28675	3.39145	2.4435	3.05585	0.49	3.4311
P2RY14	0.3327	0.04025	0.0384	0.139	5.08395	0.19785	0.14325	0.1769	0.01705	0	0.38505
P2RY6	0	0	0	0.0495	4.9839	2.92265	0.0117	0.0087	0.00465	0.3237	0
PACSIN1	0.0715	0.1887	0.01915	0.205	3.88715	0	0.1771	0.11035	0.20715	0.0386	0.0194
PALD1	0.4055	0.03345	0.03785	0	3.16895	1.35285	0.0258	0.0433	0.00885	0.00145	0
PARP8	2.10395	3.8893	3.61755	4.9176	1.66035	2.35075	3.33005	4.9832	4.4058	0.61215	2.48005
PAX5	5.79705	0	0.008	0.0013	0	0.01895	0.2773	0.1446	0.0495	0.1613	0.0178
PBK	0.03085	0	2.10585	0	0.0066	0.4821	2.52615	0.01	0.01845	0.04465	0
PBX4	0.14895	1.45095	1.0186	1.84095	0.0086	0.08685	1.7652	1.4511	1.35405	0.0912	2.92295
PDCD1	0.1195	1.1974	5.71555	1.6385	0.13595	0.18135	4.47315	1.35665	5.5007	0.04495	4.7372
PDE4A	0.2138	0.3646	0.9401	1.3	0.8379	1.56005	1.31985	1.475	1.118	0.21785	1.2975
PDGFA	0.12475	0	0.5091	0.12055	0.00895	0.54175	0.53145	0.12375	0.21345	0	1.2207
PDK1	1.12115	0.86755	0.81985	1.0098	0.2081	2.7588	1.355	0.42755	0.6478	4.2295	0.82195
PFKFB2	0.5834	0.142	0.1659	0.301	5.27865	1.28905	0.13085	0.19615	0.0925	0.1543	0.0146
PHACTR1	3.43795	0.0114	0.05865	0.03045	3.5733	1.5223	0.1463	0.12905	0.07255	0.4938	0.04775
PHLDA1	0.1248	1.26145	2.99125	1.91845	0.05665	1.05895	3.2889	1.97565	2.66135	0.02765	3.8865
PIK3C2B	3.5877	0.96435	0.4129	0.52815	0.189	0.51135	0.5973	0.7246	0.7999	0.4658	1.0498
PIK3R1	0.4922	2.2678	2.1408	4.05825	0.52485	1.11	2.0812	2.83405	2.8063	0.287	1.4323
PKIG	4.1633	0.08615	0.22815	0.2768	1.69045	0.6205	0.2241	0.17625	0.1578	0.51015	0.0974
PKMYT1	0.1406	0.0836	5.0941	0.0573	0.0329	2.26585	5.34525	0.12665	0.4514	0.0744	0.39235
PLBD1	0.01235	0.04425	0.05195	0.0494	0.08155	5.81885	0.0286	0.02015	0.0191	0.17785	0.0235
PLD4	1.3522	0	0.0251	0.0126	9.62875	0.38315	0.07265	0.0568	0	0.13955	0.00955
PLEKHG1	2.35635	0.06155	0.2323	0.15015	0.01135	0.0593	0.1871	0.1223	0.30015	0.1066	0.3065
PLTP	0.10535	0.0835	0.1731	0.00655	0.9098	7.4408	0.1527	0.02335	0.0522	1.15235	0.14855
PLXDC2	0.0428	0.0427	0.0239	0.0795	0.339	6.91365	0.0175	0.19015	0.02545	0.00545	0.03915
POLQ	0.11805	0.00815	2.2495	0	0.04305	0.7401	2.67045	0.04695	0.09955	0.0639	0.07875
POU2AF1	4.71185	0.46885	0.75605	0.05765	0.0201	0.0723	1.17495	0.25775	1.2103	4.93915	1.0812
PPAPDC1B	3.17715	1.31245	2.1076	0.961	1.13385	2.66405	2.6778	1.31965	1.5975	6.13815	1.8612
PPP1R14B	0.1104	0.2477	1.0013	0.4229	4.7593	1.6701	0.4372	0.53105	0.22955	0.198	0.17295
PRDX4	1.1796	0.87185	2.7674	0.7618	1.4695	6.5667	3.1153	0.4705	1.2578	7.8428	1.46215
PRF1	0.0772	0.8111	7.98155	4.173	0.08605	0.1841	5.82575	4.66205	7.2129	0.0504	2.60895
PTAFR	0.58795	0.02325	0.0443	0.00835	0.0931	6.51895	0.083	0.10375	0.029	0.2022	0.07535
PTCRA	0	0.05535	0	0	4.32295	0.08915	0	0	0	0.03065	0
PTGDS	0.0345	0.1033	0.00715	0.19445	6.5857	0.03335	0.0392	0.43925	0.0359	0	0.0085
PTGER2	0.06615	1.0779	0.75785	1.1718	0	1.37785	0.147	1.40495	0.5857	0.0059	0.27305
PTGER4	1.6805	4.9804	3.77245	4.18455	1.60085	4.1479	3.05385	4.3348	3.0023	0.05595	2.3024
PTGS1	0.74525	0.0499	0.0022	0.0072	0.2748	5.11155	0.10435	0.13555	0	0.1908	0.04905
PTPRS	0.36995	0.1381	0.07045	0.02345	7.192	0.04545	0.1642	0.0328	0.0849	0.71485	0.10585
PXN	0.2047	2.36075	0.9736	2.34365	0.2126	2.62215	1.78895	2.682	1.086	0.18845	2.0551
PYHIN1	0.51685	2.47455	4.94715	2.9063	0.03745	0.16845	4.1798	2.82265	4.9684	0.1222	3.26315
RAB20	0.16625	0.2178	0.0239	0.0426	0.4977	5.34425	0.02105	0.0695	0	0	0.0958
RABEP2	3.8907	0.6798	1.0825	0.523	0.6651	1.2944	1.4566	0.5327	0.3992	0.8125	0.607
RAD51	0.1556	0.07795	4.1252	0.01485	0.0791	1.67745	4.15495	0.08065	0.4455	0.0548	0.0049
RALGAPA1	0.9413	1.6624	1.3408	3.22475	1.532	0.9589	1.7038	2.73785	1.1641	0.4876	1.2914
RALGPS2	4.558	0.102	0	0.1475	0.36635	0	0.25615	0.27965	0.03945	1.8569	0.16135
RASA3	1.04665	1.9781	1.22515	2.1311	0.32975	2.27535	1.51585	1.9933	1.1959	0.50045	1.03965
RASGRP3	4.19925	0.33545	0.1453	0.14605	0.37035	2.11135	0.5009	0.29615	0.13835	1.786	0.2284
RCAN3	1.15915	2.5207	1.82035	1.47995	0.4848	1.32565	2.61585	1.3485	1.70315	0.13655	2.25215
RGCC	0.4385	1.90865	3.05445	3.38295	0.3628	2.79505	3.27795	3.0971	2.38375	0.5563	2.88305
RIN2	0.10155	0.0028	0.0545	0.0812	0.376	5.83815	0.0892	0.0372	0.0713	0.02195	0.0386
RNF125	0.13065	1.76005	1.8404	2.48945	0.43605	0.63025	1.25635	2.2632	1.2595	0.02065	1.16795
RNF166	1.33715	3.73525	3.2042	4.9422	2.66265	3.1573	2.99035	4.0248	3.7295	0.87825	3.6366
RP1-232L22__B.1	0.13655	0.25575	0.7845	0.1211	0.2583	2.5946	1.04215	0.2162	0.46685	0.0622	1.6194
RP1-257A7.5	5.3708	0.25295	0.44835	0.1765	6.2245	2.9296	0.41215	0.27815	0.1373	1.00775	0.42905
RP11-1143G9.4	0.09585	0.0785	0.0972	0.0455	0.94325	11.53975	0.1355	0.22155	0.23795	0.2264	0.2007
RP11-117D22.2	0.4417	0	0.0739	0.16265	5.4341	0.27205	0.0661	0.04785	0.0383	0	0.03835
RP11-16E12.2	0.3646	0	0.01045	0	0	0	0.0346	0.0139	0	2.93745	0
RP11-18H21.1	0.03935	1.36305	0.2007	0.8175	0	0.1248	0.74575	0.26505	0.3384	0.0029	0.3862
RP11-290F5.1	0.145	0.0432	0.08215	0.0311	0.137	0	0.0752	0.02535	0.0478	2.92635	0.06665
RP11-291B21.2	0.02885	0.3398	3.72805	2.45435	0	0.0426	1.17515	0.7643	1.80225	0	0.0491
RP11-314A20.1	1.6336	2.65925	1.3664	2.33055	1.7211	1.40665	1.28225	1.5179	1.2767	0.30275	1.22645
RP11-353N4.6	2.30485	2.8334	2.7028	3.6344	0.53835	1.6372	2.43635	3.3531	2.835	0.6809	2.0169
RP11-38J22.6	1.58385	0.0412	0.0147	0.0188	8.01685	0.04975	0.1078	0.0256	0	1.79995	0
RP11-424C20.2	0.06815	0.06055	2.61715	0	0.10475	1.0212	2.56795	0.0426	0.1893	0	0.1258
RP11-427H3.3	0.07335	1.58985	1.07205	1.25395	0.05125	1.3068	1.4313	0.84915	0.8294	0.18005	1.4543
RP11-442A13.1	1.74245	2.95975	1.18625	1.96275	1.78985	1.2122	1.06595	1.89735	1.2038	0.6692	1.9138
RP11-498C9.13	0.0957	0.0419	1.09755	0.0431	0.06465	0.41645	0.92705	0.0689	0.1043	2.2763	0.20875
RP11-640M9.1	1.3427	1.7134	1.6702	2.29835	0.2116	1.3746	1.7294	2.5181	1.8499	0.5709	1.2584
RP11-69L16.5	1.60015	2.02945	1.37735	1.6678	1.28855	0.8748	1.38525	1.3458	0.9487	0.22605	1.05205
RP11-71G12.1	0	0	0	0	4.0255	0	0.0337	0	0	0.02805	0
RP11-792D21.2	0.1004	0.06565	0.01235	0	0.03245	5.25935	0.01355	0.07165	0.03885	0.00275	0.00505
RP11-81H14.2	0.3494	0.0438	0.0949	0.2781	0.19705	0.35185	0.06415	0.30585	0.29025	2.8033	0.1065
RP11-94L15.2	2.45415	1.6525	4.21125	2.1561	0.20275	0.08475	3.16175	2.1937	4.13295	0.80835	2.1714
RPL3P2	2.00605	2.4907	1.4145	1.76415	1.6767	0.9906	1.3999	1.58825	1.2548	0.5845	1.46475
RPL3P7	1.73505	1.9896	1.05815	1.59455	1.43385	0.82865	1.01685	1.3583	0.9402	0.40785	1.2216
RPS18P9	1.0532	1.4538	0.7027	0.8387	0.65385	0.6255	0.61525	0.7847	0.4928	0.2298	0.4876
RPS3AP5	1.3319	1.98985	1.048	1.2988	1.3232	0.5943	0.94635	1.07615	0.8267	0.31845	1.0323
RPS4XP13	0.7013	1.24875	0.5132	0.78285	0.52675	0.4578	0.64505	0.61785	0.68065	0.13715	0.72295
RPS4XP2	1.1352	1.8345	1.06085	1.3545	1.1587	0.7201	1.0628	1.0863	0.84275	0.29505	1.06745
RPS4XP6	1.1516	1.83745	1.0371	1.4294	1.3099	0.85705	1.21535	1.0728	0.99245	0.32685	1.308
RRBP1	0.40205	0.4775	1.3099	0.7663	4.76025	2.9896	1.0859	1.05275	0.7228	3.64385	0.99795
RRM2	0.16425	0.00335	7.3773	0.01125	0.0741	2.30835	7.45155	0.27015	0.24675	0.14665	0.1847
RTKN2	0.1787	0.66645	0.30485	0.08045	0.0176	0.19335	1.45435	0.51795	1.3087	0.00955	2.5889
RUNX3	0.962	2.03735	3.53955	3.31385	0.72795	1.1532	3.3658	3.1896	3.60865	0.18815	2.1215
S100A9	0.0175	0.0971	0.08035	0.11145	0.0709	8.8475	0.07085	0.1422	0.04705	0.25005	0.2214
S1PR1	1.4154	3.7334	0.73565	2.82015	0.0327	0.9047	1.5683	2.98205	0.4611	0.0297	0.81925
SAMD3	0.0963	1.53515	3.32205	3.25855	0.0678	0.14755	3.23615	3.6386	2.94715	0.0525	1.26535
SCAMP5	0.1245	0.09365	0.02005	0	3.56	0.07855	0.07375	0	0.03485	0.49935	0.02115
SCIMP	3.5419	0.13815	0.0328	0.0522	0.131	4.437	0.19735	0.18895	0.0427	0.04695	0.03525
SCML4	0.7554	3.0232	2.12605	3.235	0.07735	0.10885	1.4717	2.8175	2.6278	0.00275	1.1446
SCN9A	0.0018	0.04525	0.0014	0.02615	2.21115	0.37075	0.0025	0	0.0111	0.00505	0
SDC1	0	0	0.0183	0.00245	0	0.02915	0.04905	0.0593	0	4.4101	0
SDC4	0.12025	0.43635	2.17955	0.4889	0.31435	3.53435	2.9573	0.6978	1.45515	0.0751	2.94915
SDF2L1	0.6199	0.62555	4.54675	0.7989	1.94905	5.2472	4.4986	0.8868	1.8176	6.0292	1.6936
SEC11C	2.1012	1.80935	4.2235	1.59115	4.8306	5.2966	6.28775	1.9154	3.95395	8.6603	4.85275
SEL1L	1.44375	1.011	1.86395	1.16275	2.0705	3.1568	1.7144	1.16715	1.5343	4.29935	1.85315
SELM	0.54945	1.3802	0.19825	1.3325	0.1195	1.4473	0.43125	0.9717	0.45125	4.146	1.10845
SERINC5	0.20745	2.56935	0.80505	1.08305	0.14215	1.5878	0.8623	1.06105	0.9401	0.0936	1.0042
SERPINA1	0.057	0.0836	0.00565	0.14035	0.0901	9.49805	0.0463	0.13125	0.0189	0.0733	0.08235
SERPINF1	0.09905	0	0.2119	0.0919	10.42405	3.30165	0.1141	0.09485	0	0.0869	0.0131
SERPING1	0.04815	0.05655	0.1514	0	3.6659	2.61475	0.029	0.08825	0.072	0.01035	0.0273
SH2D1A	0.1767	1.89795	7.2391	3.7105	0.0199	0.1233	7.08425	2.8654	6.1172	0.0686	4.78445
SIGLEC14	2.91975	0	0.02725	0.0618	1.81125	2.5009	0.01835	0.06245	0.0939	0.00875	0.0693
SIGLEC9	0	0.03935	0.01535	0.1602	0.2049	6.0018	0	0.10105	0.04955	0	0.0605
SIL1	1.00115	0.42575	1.2686	0.54215	1.47495	4.936	1.90515	0.8259	1.295	3.84755	1.41495
SIRPA	0.13685	0.03565	0.0457	0.0173	0.20285	4.45205	0.0507	0.00495	0.0493	0.00185	0.04045
SIRPG	0.04115	2.8431	6.00485	2.4	0.2372	0.1417	5.95185	1.52545	6.19635	0.03625	5.3141
SKA1	0.04815	0	2.5576	0.0377	0.00545	0.9441	3.1625	0.0614	0.0803	0.0568	0.0317
SLC11A1	0.13575	0.1198	0.02425	0.0891	0.0956	6.93525	0.06545	0.1588	0.08625	0.0394	0.09645
SLC12A3	0.22765	0	0.0328	0	3.7018	0	0.03785	0	0.0241	0.07595	0.02425
SLC15A4	1.18375	0.15915	0.6012	0.521	6.34125	1.2333	0.7694	0.91275	0.75225	0.405	0.39135
SLC17A9	1.99665	0.08305	1.1313	0.3117	0.07565	4.33765	0.7711	0.643	0.2987	3.99855	0.0045
SLC37A2	0.13	0	0.00485	0	0.004	5.8782	0.02005	0.0044	0.0192	0.04995	0.04025
SLC7A7	0.6738	0.0207	0.03905	0.0339	0.1813	7.284	0.0743	0.0634	0.1257	1.20745	0.04065
SLC8A1	0.0056	0.04435	0.022	0.0163	0.27725	3.6704	0.0293	0.14405	0.06425	0.02205	0.16535
SLCO2B1	0.0813	0.1033	0.0201	0.0475	0.0912	6.22135	0.03665	0.15785	0.10415	0.03025	0.10405
SLFN12L	0.25175	1.56815	3.2141	2.486	0.09475	0.1051	2.80815	2.2353	2.5654	0.0405	1.8902
SMC2	0.38895	0.2192	4.8658	0.3779	0.5241	2.38295	4.78515	0.36275	0.95295	0.30675	0.53975
SMIM14	5.8928	0.30835	0.02125	0.2987	4.88755	3.00575	0.28085	0.6417	0.22895	0.64045	0.24735
SMIM5	0.13915	0.14325	0.04655	0.0651	3.60605	0	0.0915	0	0	0.063	0
SMPD3	0.2156	0.2356	0.2586	0.10265	7.2903	0.025	0.0841	0.1347	0.1888	0.16575	0.43595
SNX22	2.14745	0.4759	0.41765	0.2864	0.838	0.56165	0.50675	0.41705	0.4049	0.3935	0.3485
SORBS3	0.06275	0.78125	0.20325	0.5766	0.14245	2.35565	0.15525	0.4535	0.1686	0.0883	0.0387
SORL1	2.5258	3.57685	0.3417	3.1335	2.37635	2.22765	1.04865	3.418	1.0218	0.10945	2.13355
SOX4	0.6327	0.22705	0.69845	0.18345	5.11355	1.5278	0.80845	0.39355	0.6178	0.20625	0.95045
SPAG4	0.24155	0.1586	0.3204	0.1608	0.6236	0.65985	0.09675	0.3511	0.2302	3.87515	0.28645
SPC24	0.0917	0.04645	4.24965	0.077	0.0233	1.6793	5.05635	0.13075	0.3077	0.06355	0.02915
SPC25	0.1498	0	3.14275	0	0.006	1.26945	3.89745	0.0642	0.06535	0.08045	0.05105
SPI1	0.8143	0.0207	0	0.0054	0.4246	4.59685	0.13825	0.0486	0.0521	0.1626	0
SPIB	5.4711	0.03565	0.1686	0.0285	8.9383	0.09825	0.2875	0.0174	0.0772	0.0102	0.0744
SPOCK2	0.92305	4.86685	2.74615	4.9543	0.2772	0.37205	4.88685	4.18905	4.50445	0.0455	7.90935
STAM	0.8138	1.0321	1.72545	0.59655	0.77295	2.2707	2.18745	1.33515	1.32405	0.4011	3.6507
STAP1	5.1866	0.3291	0.2617	0.0396	3.24705	0.08415	0.5289	0.56595	0.21815	1.0191	0.2019
STAT4	0.92465	4.525	4.2716	5.9201	3.57415	0.47385	3.66625	5.7087	4.52705	0.3476	5.47485
STK38	1.408	2.09795	1.76685	2.6275	2.0754	2.82155	2.25905	3.0409	1.4772	0.5071	1.823
SULF2	0.8959	0.47825	0.1948	0.26275	4.7179	1.8351	0.55375	0.2301	0.2034	0.3935	0.74525
SUSD1	0.25925	0.1006	0.06165	0.0622	4.7389	0.61165	0.0949	0.23235	0.05505	0	0.07495
SWAP70	5.3543	0.27045	0.2048	0.04865	0.70165	3.36775	0.5968	0.3787	0.04315	0.26645	0.3685
TBC1D4	0.25805	1.8277	2.4036	0.90175	1.4394	0.83675	2.0384	0.71565	2.04005	0	4.25035
TBCD	0.57565	2.5008	3.8797	3.65475	0.75615	2.82235	3.71735	2.46545	3.28625	0.5528	2.21905
TC2N	0.3126	4.33455	1.99715	4.52545	0.01155	0.2073	3.02825	4.25005	2.3108	0.0141	1.19075
TCF19	0.41745	0.15415	3.77815	0.2848	0.1223	1.9852	4.6198	0.24015	0.47775	0.50165	0.52875
TCF7	0.76	5.479	1.2251	4.50285	0.33875	0.532	1.53505	2.9783	2.0942	0.0983	2.1128
TCL1A	4.553	0.0554	0	0.06065	6.9165	0	0.25675	0.08945	0.01125	0.11665	0.10225
TESPA1	1.37495	3.46165	3.0736	1.915	0.6314	0.78885	3.5363	1.71855	3.0918	0.0658	3.52285
TGFBR3	0.0257	1.0314	0.69305	1.71805	0.0811	0.1122	0.43565	1.94275	0.54575	0.0023	0.73155
THADA	1.50645	1.0539	2.08985	1.2776	1.164	1.4888	2.3029	1.17225	1.9152	0.71865	3.6534
THEMIS	0.03335	2.0677	2.81215	3.09525	0.03645	0.1513	1.92485	1.3584	2.5038	0.02305	1.4767
TIAM1	0.21985	1.4377	1.673	0.4597	0.06795	2.75395	2.28575	0.61755	2.12365	0.07745	3.3212
TIGIT	0.3114	1.40405	6.91065	2.81435	0.3005	0.1724	5.63195	1.817	6.615	0.11775	7.157
TIMP1	0.27655	2.73265	0.16105	1.16885	0.33975	7.80895	0.748	1.65295	0.4452	1.22005	1.953
TK1	0.4647	0.01085	6.55265	0.04235	0.2855	3.64165	6.7777	0.01375	0.469	0.1665	0.5297
TLR10	3.5674	0.01305	0.0025	0.0227	1.18155	0.107	0.10085	0.0764	0	0.16445	0.0684
TLR2	0.07505	0.00325	0.0055	0.1343	0.01285	5.9656	0.0588	0.05555	0.04325	0.00715	0.0074
TLR7	0.7606	0.01245	0	0	4.19325	1.1415	0.025	0.0917	0.0299	0.28955	0.00275
TLR9	0.97715	0.04915	0.0921	0.0577	5.0723	0.0608	0.2991	0.1392	0.191	0.49685	0.11075
TMEM173	0.1478	3.3658	3.61585	2.0783	1.07995	5.7732	4.2945	3.0492	3.15475	0.1552	6.67515
TMEM258	2.32525	2.0196	6.4916	1.94085	5.205	7.1072	6.38245	1.64545	3.88845	6.2384	3.61365
TMEM63A	1.60575	3.0005	0.44425	1.5778	3.0131	2.6854	0.88265	1.49415	0.9213	0.79755	1.25815
TMEM71	0.0695	1.17525	0.78515	1.29055	0.0951	1.48825	0.65395	1.38945	0.36795	0.0223	0.3932
TNFRSF17	1.1331	0	0.01305	0.026	1.4502	0	0.1157	0	0	4.53655	0
TNFRSF18	0.0444	1.23205	1.97405	0.5325	0.09195	0.4874	3.5915	2.25795	3.1925	0.66	7.6288
TNFRSF21	0.08785	0	0	0.00215	5.44105	2.0127	0.1126	0	0.0044	0.0017	0.0365
TNFRSF25	0.2927	4.11845	1.22535	1.90305	0.0273	0.3143	2.03505	2.5656	1.9208	0.04375	4.3648
TNFRSF4	0	0.99045	0.52375	0.18225	0.3324	0.3889	2.40505	1.133	1.6043	0.36335	6.28135
TNFRSF9	0.021	0.19165	5.29825	0.85795	0.00485	0.8033	3.28225	0.5043	3.8357	0.06945	2.7443
TNIK	0.3848	2.0335	1.2027	1.72215	0.0154	0.7975	1.79595	1.756	1.27895	0.0622	2.77135
TOP2A	0.3527	0.0883	5.4467	0.0468	0.0466	1.62635	5.67715	0.2628	0.73565	0.08525	0.7817
TOX	1.15635	0.9957	4.0156	1.38915	0.0336	0.10515	2.74345	1.3912	3.6441	0.3786	2.5268
TPD52	4.77795	0.97485	1.5703	1.02725	1.38	2.1548	1.37015	1.3252	0.85475	4.8269	0.82785
TPM2	0.06645	0.17125	0.07095	0.07725	4.669	0.28835	0.15435	0.1025	0.06945	0.0041	0.0232
TPX2	0.3085	0.0104	4.46015	0.05765	0.1383	1.5835	4.49505	0.053	0.6924	0.05235	0.4203
TRAC	1.8899	9.5546	9.45725	8.9656	0.087	0.65565	8.89915	6.13565	8.99715	0.32535	10.57135
TRAF1	0.90565	2.5974	2.65625	2.13585	1.04295	0.8105	2.9046	2.22815	2.27105	0.58305	4.2991
TRAM2	0.3507	0.2136	0.1952	0.1898	0.3636	0.6319	0.19055	0.3014	0.06875	2.25215	0.15655
TRAT1	0.19145	3.42695	3.66395	2.96695	0.04295	0.1847	3.93205	1.47955	3.81195	0.0346	2.32595
TRBC2	4.0399	10.67625	10.8416	10.63905	0.28995	0.6645	10.1506	9.04465	10.6748	0.31375	11.26515
TRDC	0.0395	0.6357	0.95955	0.3059	0.06445	0.0296	3.798	4.692	4.76275	0.02705	0.21345
TRDV1	0	0.57085	0.78085	0.1204	0	0	3.44055	0.94325	3.6127	0	0.1557
TREM1	0.1005	0	0.01095	0.06765	0	7.47125	0.0821	0.0276	0	0.0292	0.0639
TRGC1	0.02835	0.82645	1.75715	1.65335	0.0025	0.0068	2.23755	2.76775	3.01385	0.0044	0.24625
TRGC2	0.08075	1.2708	3.40435	2.97785	0.0222	0.05125	4.0855	3.53905	4.84	0.0668	0.5978
TRGV9	0.1142	0.10055	0.87805	0.36105	0.03375	0.0296	0.52375	1.61495	0.71365	0.01335	0.1024
TRIB1	0.54555	0.0144	0.8776	0.1836	1.4312	1.8997	1.46735	0.39735	0.6455	2.57415	0.5148
TROAP	0.29095	0	3.826	0.0283	0	1.442	3.5106	0.03445	0.34135	0.0808	0.17745
TSHZ2	0.1481	0.70555	0.43025	0.12885	0.0012	0.03775	0.76515	0.19845	0.47695	0.1054	1.1
TSPAN13	2.16	0	0.19145	0.0109	8.4075	0.17135	0.36645	0.0721	0.17955	1.2183	0.79275
TXNDC5	0.7819	0.05425	0.67545	0.178	3.3001	1.30695	0.7098	0.2048	0.2603	5.82	0.4058
TYMS	0.13035	0.09715	7.67675	0.16375	0.2493	2.86705	7.7722	0.53395	0.9439	0.1899	0.5445
UBE2C	0.2391	0	5.7824	0	0.035	1.9285	6.3433	0.08815	0.3598	0.0903	0.22145
UBE2T	0.44095	0.21645	5.8987	0.34085	0.1273	2.2449	6.1678	0.14025	0.7219	0.29505	0.3133
UHRF1	0.10655	0.1104	4.27185	0.0856	0.28215	1.9665	4.4013	0.1665	0.28025	0.0056	0.1778
USP6NL	1.9501	0.1162	0.07395	0.14105	0.26875	1.3729	0.21065	0.13005	0.074	0.54425	0.0296
VCAM1	0.03345	0.02035	3.78005	0.73955	0.02155	0.3459	2.32475	0.32555	3.0483	0.0272	0.08585
VDR	0.03695	0.20095	1.71335	0.3503	0.3648	2.3655	2.11565	0.27435	1.58905	0.68055	3.01865
VIMP	1.19935	1.31045	3.7828	1.50225	7.81795	5.10055	4.06925	1.19935	2.4905	6.4732	2.2299
VPREB3	5.4552	0.01385	0	0	0.02585	0.0516	0.28595	0.15215	0.01245	0.9154	0
VSIG4	0.04615	0.06635	0.0317	0.049	0.05745	8.1693	0	0.0922	0.068	0.03655	0.03635
WDFY4	5.09815	0.0814	0.0281	0.0839	6.5642	3.7882	0.2189	0.20065	0.038	0.6043	0.0471
WDR76	0.44145	0.71675	3.80365	0.3624	0.20345	1.64355	4.0899	0.2985	0.92885	0.21155	0.6779
XBP1	1.1739	1.28675	1.69025	1.5256	4.1397	3.16795	1.9841	2.10155	1.3136	7.5666	1.25355
XCL1	0	0.327	3.1529	1.398	0.0443	0	0.94655	1.8551	1.44535	0	0.3369
XCL2	0	0.2013	3.77445	1.96805	0.0368	0.0412	1.54595	1.97455	1.4338	0	0.2439
ZAP70	0.4636	5.7713	6.15785	6.1218	0.0957	0.27115	6.33115	5.77875	6.6859	0.1355	6.5731
ZC3H12D	1.7701	2.83785	1.6881	2.0722	0.2784	0.57645	2.2179	1.29785	2.24385	0.0549	4.3792
ZFAT	0.7363	0.1626	0.62385	0.2977	6.85515	0.72745	0.5454	0.24805	0.4106	0.9516	0.4023
ZFP36L2	2.4921	5.88785	4.532	6.81135	3.8642	3.37825	4.57835	6.1239	4.90895	2.5513	3.6601
ZNF683	0.0071	0.28015	0.9745	1.86475	0	0	0.484	1.19095	0.6048	0	0.1369
ZWINT	0.1234	0.107	6.12795	0.0937	0.16095	2.8811	6.18445	0.0629	0.41175	0.171	0.36185
