geneSymbol	B.cells	CD4.T.mem.cells	CD4.T.reg.cells	CD8_B.cells	CD8_G.cells	Dendritic.cells	Monocytes.Macrophages	NK1.cells	NK2.cells	NK3.cells	Plasma.cells
AC002306.1	0.4576	1.2721	1.9365	1.0119	1.6885	0	0.0445	0.7116	0.8333	0.4288	0.0567
AC003104.1	0.4513	1.0788	1.762	1.9927	1.7502	0.1057	0.2077	1.2819	1.1629	2.627	0.043
AC006460.2	0.0573	0.0917	0.5618	0.6409	0.1832	0	0.1396	0.8205	0.2148	1.0198	0.1982
AC017002.1	0	0.1051	3.8974	2.2585	0.2723	0.0472	0.3287	2.9803	0.5102	2.2822	0.1864
AC017002.2	0.2354	0.2022	1.667	1.0807	0.3615	0.1272	0.2507	1.0988	0.1853	0.607	0.7113
AC069363.1	0.0184	0	0.1561	1.1536	0.3636	0.06	1.3456	0.3684	0.1344	1.6579	0
AC079767.4	1.7268	0	0.0351	0	0.0453	0	0.3121	0.0622	0	0	0
AC092580.4	0	0.7265	0.7531	2.3451	1.31	0	0.1387	1.8411	1.1643	3.2231	0.0648
AC096579.7	4.4445	0	0.1029	0.0266	0	9.7027	0.0114	0.3526	0.1865	0.0742	8.9128
AC104699.1	0.8154	0	0	0	0.054	0	0	0.055	0.0406	0.0319	2.0033
AC144530.1	0.6657	1.3334	0.7465	0.5316	1.1037	0.7027	0.556	0.7772	0.7119	0.3756	0.2043
AC145110.1	0.1023	0	1.4984	0.1278	0	0.0723	0.1326	0.3198	0.1799	0.0502	0.0041
ACE	0.1229	0.2743	0.0384	0	0.1772	0	2.8005	0	0.1673	0.0101	0.0214
ACTA2	0.5027	0.4107	1.9945	1.2002	0.5782	0.4921	0.7074	1.3276	0.4448	2.426	0.2444
ADAM28	6.2419	0.2075	0.2258	0.058	0.2458	0.7997	2.6762	0.5133	0.4429	0.5113	2.359
ADAP2	0.2474	0	0.028	0.0051	0.0152	0.2869	4.7959	0	0.0746	0	0.0635
ADARB2	0.0354	0.8996	0.4684	0.1297	0.2843	0	0.0179	0.0925	0.3793	0.2087	0.0054
ADCY9	0	0.1984	0.0203	0.0344	0.4421	0.0637	0.1607	0.0406	0.1547	0.0409	0
ADRB2	0.4773	0.3721	0.1427	0.3248	1.1927	1.0248	2.1656	0.3284	1.6744	0.1379	0.6768
ADTRP	0	0.5341	1.9645	0.3315	0.042	0.6188	0.1428	0.6169	0.2343	0.5299	0.0911
AE000661.37	0	0.3337	0.1603	0.2422	0.1242	0	0.0346	0.6244	1.3292	0.847	0
AFAP1	0	0.7671	0.5986	0.1259	0.2949	0.0364	1.4228	0.3742	0.4351	0.3207	8e-04
AFAP1L2	0.6164	0.0402	0.3846	2.5717	0.3482	0	0.0918	1.5177	0.1194	2.3779	0.0556
AFF3	3.6341	0.7008	0.7511	0.1841	0	3.4938	0.0162	0.3766	0.3181	0.5976	0.0166
ALG5	1.2558	1.0415	1.8513	4.5424	0.7883	3.6299	4.998	3.7019	1.235	1.8225	5.1027
ANK3	0.5207	1.8333	0.4981	0.1136	1.3832	0.1646	0.1075	0.1448	1.3997	0.476	0
ANKRD28	0.9176	0.8055	1.0202	1.938	0.9521	0.771	2.5076	1.0543	1.3243	1.1124	4.1684
ANKRD36BP2	0.3278	0.2441	0.212	0.1061	0.0949	0.1198	0.0283	0.1897	0.1764	0.086	3.8284
ANPEP	0.0413	0.0254	0	0	0	0.0848	6.1396	0	0	0.0045	0.0283
ANTXRLP1	0	1.3332	1.0783	0.7842	0.7177	0.0697	0.0346	1.105	0.6237	1.7231	0
ANXA1	0.1644	6.6561	1.79	5.7083	8.101	1.0773	9.0648	3.7984	6.3324	4.1962	0.2241
AOAH	0.1242	1.0881	0.4915	1.8487	3.933	0.1304	5.0944	1.4661	3.7793	2.8507	0.1854
AP001007.1	0.1674	0.0074	0.0743	0	0.0279	0.0932	4.7204	0.0115	0	0.0857	0.0352
APBA2	0.0596	0.4639	0	0.1623	1.3337	0	0.0227	0.0902	0.8507	0.2092	0.0241
APOBEC3H	0.0412	0.1979	1.5051	1.0789	0.3457	0	0.124	2.6111	0.4868	1.4752	0
ARHGAP24	4.964	0.0326	0.3286	0.0698	0.1489	2.3261	0.9581	0.285	0.3252	0.1589	0.0866
ARHGAP26	0.5014	0.7133	1.1352	1.757	2.6233	0.5619	2.7868	1.2641	1.4414	1.5572	0.4253
ARHGEF10L	0	0	0	0.0403	0	0	4.7466	0	0.0104	0	0.0183
ASF1B	0.1482	0.0836	0.4113	5.6724	0.0209	0.0593	2.8129	5.9097	0.1209	0.2481	0.3252
ASPM	0.1947	0	0.164	3.0772	0.0015	0.0378	1.1119	3.7192	0.2023	0.2629	0.1284
ASTL	0.2417	0.1864	0.3745	0.4789	0.4853	0.0492	0.3947	0.198	1.0205	0.501	0.0654
ATP8B4	0.0706	0	0.1384	0.6292	0.1914	0	2.2641	0.3083	0.9879	1.1903	0.0043
ATXN7	1.0794	3.1365	1.9412	1.6302	2.6639	0.6208	1.1617	1.7481	2.4006	2.6532	0.241
AURKB	0.3945	0	0	5.448	0	0	2.6202	6.1794	0.0752	0.5067	0.2066
B3GNT7	0.8939	0	0	0.0378	0.3922	0.4586	2.098	0.1684	1.686	0.5111	0.0448
BANK1	6.3243	0	0.0098	0	0.1018	0.6168	0.2939	0.2676	0.1616	0.0087	0.43
BATF	0.9291	2.3085	8.0506	6.1516	1.6144	0.3125	2.6834	6.4878	2.1014	4.649	0.3339
BCL11A	7.0076	0.0347	0.217	0.0077	0.0167	9.5319	1.3263	0.3467	0.1454	0	0.1321
BHLHE40-AS1	0	0.3366	2.0032	0.7891	0.1549	0.2744	0.4206	1.6414	0.5373	1.2941	0.0038
BIRC5	0.4672	0	0.1778	5.3583	0	0.0074	2.9375	5.8246	0.0639	0.3472	0.335
BLK	3.6643	0.0991	0.0318	0.0262	0.0622	0.7793	0	0.1779	0.0379	0.137	0.2134
BLNK	6.1996	0	0.1684	0.0859	0.0921	6.7786	2.6433	0.354	0.2563	0	3.628
BUB1	0.4153	0	0.0758	4.5862	0.1895	0.1842	2.181	4.7667	0.2382	0.5294	0.5557
C11orf24	1.3634	0.4958	0.3964	2.2153	0.5406	2.8245	3.8676	2.0607	0.3577	0.4675	3.5872
C15orf53	0	0.103	0.537	0.0075	0	0.0217	0.0093	0.0835	0.0274	0.0791	0
C16orf45	0.2307	0.2832	0.9427	1.7986	0.6656	0.025	0.6142	1.6432	0.2798	1.7771	0.0546
C17orf66	0	0.2262	0.0334	0.1887	0.3101	0	0.2524	0.1333	0.6537	0.2221	0.0053
C1orf186	1.1045	0.0517	0	0.008	0.0295	5.2107	0.0126	0.1155	0.0106	0.037	1.3476
C1orf21	0	0.0305	0.1686	1.1016	0.5267	0.8425	1.8624	1.0514	1.2919	0.267	0.0188
C1orf54	0.208	0.1841	0.2165	0.1633	0	0.4442	6.13	0.1533	0.1771	0.0897	0.0763
C1QA	0.0847	0.0825	0.1836	0.1231	0.0924	0.094	8.0594	0.089	0.3006	0.1917	0
C1QB	0.1064	0.1489	0.1392	0	0.0882	0.0893	7.5985	0.0963	0.3112	0.2962	0.111
C1QC	0.0913	0.0672	0.157	0.0594	0.029	0	7.5157	0.0749	0.1779	0.1758	0.0102
C5AR1	0.2676	0	0.0782	0.1132	0.0885	0	3.7524	0	0	0.0609	0.0052
C5orf17	0	0.8521	0.5122	0.0537	0.3736	0.0702	1.3569	0.08	0.2663	0.1023	0.0172
CA5B	0.7508	1.2574	1.0759	1.226	1.1231	0.2031	1.2404	0.9264	2.0566	0.992	0.1389
CADM1	0	0.1678	1.2097	2.9258	0.1901	0	1.2879	3.3976	0.2709	3.0179	2.3544
CAMK4	0.7686	3.4569	2.103	3.0279	3.8061	0.1294	0.1489	2.986	2.2269	2.4547	0.395
CASC5	1.1143	0.2372	0.1433	3.7172	0.0231	0.1524	1.8233	4.3902	0.1396	0.293	0.1912
CASP10	1.3826	1.2438	0.2548	0.2608	0.5259	2.1478	1.8407	0.7904	0.9517	0.6556	2.9915
CASS4	0.0708	0.5421	0.3528	0.7689	1.749	0.3276	0.9227	0.6821	1.0433	1.3696	0.0036
CAV1	0	0.1722	0.464	1.8712	0.1075	0	0.0903	1.254	0	1.8429	2.0436
CBFA2T3	0.8857	0	0	0	0.0106	3.4002	0.226	0.0717	0.0388	0	0.4858
CCDC64	0.4132	1.6746	2.1776	2.6194	2.2548	0	0.0924	2.7762	1.1293	3.3947	0.0021
CCL5	0.3987	2.9322	1.5677	8.876	8.7961	0.2606	5.0014	5.7816	7.5856	7.9785	0.2791
CCNA2	0.2036	0.0556	0.1764	6.2482	0.1118	0.2127	2.6296	6.1173	0.2198	1.0322	0.267
CCNB2	0.5125	0	0.2318	5.3044	0	0.0253	3.481	5.3645	0	0.4675	0.1431
CCR4	0.0595	2.5029	2.9451	0.3427	0.5711	0.0043	0.0867	1.256	0.4261	0.252	0.005
CCR6	3.4227	1.0062	1.0357	0	0.1709	0.5941	0.3077	0.3676	0.2891	0.0782	0.2026
CCR7	3.3472	4.4793	2.2327	1.2699	4.1142	1.3577	0.0896	1.9725	2.5028	0.8068	0
CCR8	0	0.371	3.7076	0	0.0959	0.015	0.2359	0.6705	0.0864	0.3423	0.0104
CD14	0.0643	0.018	0.1111	0.1574	0.1534	0.0888	10.9546	0.1691	0.3792	0.0171	0.0928
CD163	0.1052	0.1842	0.0582	0.0803	0.111	0.1618	8.2321	0.0762	0.2063	0.1025	0.0438
CD19	8.288	0.0244	0.0116	0.0358	0.0109	0	0.0549	0.3898	0	0	2.5556
CD200	0.5961	0.0907	2.1237	1.7142	0.1243	0.0804	0.0806	1.5933	0.1914	1.6299	0.1023
CD200R1	0.6355	1.2062	1.297	1.4643	1.1046	0.276	0.3082	1.8155	0.6371	2.5093	0.0385
CD22	8.2876	0.0248	0.0276	0	0.0189	0.1403	0.2833	0.2139	0.0608	0	0.2384
CD24P4	2.9955	0	0.1567	0	0.0771	0.0679	0	0.3342	0	0.1501	0
CD28	0.206	4.6235	5.5632	3.8536	3.0031	0.0347	0.6938	4.491	1.5919	4.0768	0.002
CD300C	0	0.0302	0	0	0.0121	0.2259	4.6211	0.0128	0.0924	0.1135	0.0295
CD33	0	0.0084	0.0136	0	0	0.41	6.4213	0.1002	0.1046	0.0557	0.0198
CD36	0.0515	0	0.0054	0	0.0461	4.8012	1.7796	0.0029	0.0516	0	0.0305
CD40	6.5603	0.1687	0.57	0.0509	0.1082	2.2807	5.6654	0.5352	0.3867	0.0881	1.4772
CD40LG	0.4025	2.9896	1.9156	0.1263	0.3773	0.0468	0.0085	0.8718	0.5621	0.9116	0.0079
CD5	0.0433	4.56	5.4603	2.8771	4.0613	0.7994	0.237	4.1081	2.4207	3.2992	0.0092
CD6	0.3507	4.4294	3.2847	4.0972	3.6507	0.1053	0.1984	3.5607	2.7545	3.6098	0.0613
CD72	5.0333	0.194	0.4858	1.6732	0.633	1.5591	1.1255	0.7516	0.7964	1.2824	0.0363
CD79A	9.3342	0.1212	1.1384	0.3691	0.2301	0.6423	0	0.8071	0.4084	1.1263	6.7752
CD79B	9.4547	1.2829	2.4318	1.649	0.1988	0.0831	0.2862	2.4337	1.1745	2.2166	3.9115
CD8A	0	0.8584	0.604	9.1578	9.1795	0.0733	0.1229	1.0147	1.1999	3.1234	0.1204
CD8B	0	0.6965	0.7803	6.4619	6.2772	0.0133	0.1131	0.9893	0.6199	3.2073	0.0616
CD8BP	0	0.1045	0.2785	1.8865	1.4885	0	0.031	0.3592	0.156	1.1166	0
CDC20	0.317	0	0	4.3171	0.1471	0	3.1996	4.8189	0.0848	0.5024	0.2267
CDC25C	0	0	0	1.9597	0.062	0	0.632	1.5428	0.0774	0	0.042
CDC45	0	0	0.1139	4.0683	0	0	2.2121	4.7092	0.0458	0.0971	0.0942
CDC6	0.2242	0	0.2035	3.6967	0.0601	0.1101	1.9694	3.4949	0	0.151	0.376
CDCA3	0.253	0.0637	0.0733	3.6674	0.094	0.0546	2.2026	4.897	0.1182	0.1787	0.302
CDCA5	0.164	0	0	5.2436	0.0236	0.0703	2.5236	5.6478	0.152	0.1477	0.1526
CDCA7	1.4462	0.325	0.6405	5.8149	0.2477	0	2.2284	4.9086	0.146	1.292	0.0052
CDCA8	0.3599	0	0	4.1916	0	0.1131	1.9167	4.907	0.1415	0.1943	0.1403
CDH1	0	0.0777	0.177	0.2922	0.0814	2.9187	0	0.3902	0.0365	0.1975	0.1231
CDK1	0.5182	0.1065	0.1636	6.517	0.1377	0.1649	3.8205	6.8831	0.1451	0.402	0.2857
CDKN3	0.3857	0.1332	0.5368	5.9713	0	0.0989	2.8442	5.0075	0.2062	1.2448	0.469
CENPE	0.3477	0.2338	0.1562	3.1104	0.0757	0.0651	1.6287	3.9124	0.0674	0.684	0.244
CENPF	0.2445	0.142	0.3406	4.0115	0.2938	0.1599	1.9461	4.5288	0.4905	0.7921	0.146
CENPM	1.0818	0.3388	0.9579	6.3023	0.2415	0	3.38	6.7459	0.3379	1.0318	0.908
CHEK1	0.3139	0.0765	0.2956	3.629	0.1125	0.2428	2.3889	4.4274	0.2739	0.2551	0.2094
CHPF	0	0.083	0.9118	1.157	0.0786	0.9698	0.4041	0.7693	0.2519	0.5924	2.6019
CIT	0.1519	0	0.2241	2.0012	0.1073	0	1.7065	2.677	0.1312	0.1357	0.072
CLEC17A	3.5861	0.0263	0	0.055	0.014	0	0.0415	0.1251	0.0086	0	0.5135
CLEC4C	0	0	0	0	0.078	6.7421	0	0.0493	0	0	0
CLEC5A	0	0	0	0	0.0623	0.0547	7.336	0	0.0597	0	0.0231
CLEC7A	0.0557	0.0145	0.5578	0	0.1199	0.1336	7.9978	0.109	0.4031	0.2715	0.0824
CLIC3	0.1565	0.1697	0.0983	0.6958	0.5746	8.3252	0.1081	0.3687	1.3119	1.4411	0.368
CLIC4	2.6617	0	0.3479	0.2365	0	1.0982	4.5603	0.7617	0.0674	0.1443	3.0403
CLSPN	0.1099	0.1166	0.3204	3.5996	0.0058	0.0036	1.6826	3.0627	0.2484	0.4192	0.1355
CNR2	2.9389	0.3021	0.1397	0.1258	0.1216	1.3982	0	0.2289	0.2311	0.2626	0
CPNE5	4.2521	0.1535	0.2716	0.0059	0.0357	0.0084	0.0436	0.3954	0.0376	0.0992	3.1866
CR1	2.1218	0.2779	0	0	0.0669	0	1.0819	0.0505	0.1056	0	0.0945
CR2	4.0748	0.0428	0.1824	0.03	0.1251	0	0	0.1065	0.0671	0	0.1843
CRADD	0.1969	0.3648	3.2372	1.1164	0.3589	1.1207	1.0347	1.7957	0.3459	0.7761	0.6654
CRELD2	0.8269	0.6123	1.6401	2.7246	0.5533	1.2789	3.277	3.0087	0.5717	2.089	5.5032
CRTAM	0.0234	0.412	0.4343	4.8116	1.7828	0	0.8579	2.5265	1.8334	4.1457	0.1127
CSF1	0.1105	0.3113	1.7335	1.0897	0.4503	0	0.8769	0.6951	0.4735	0.5728	0
CSTA	0	0.0292	0	0	0.0452	0.0604	5.7271	0	0.0184	0.0182	0.0689
CTA-250D10.23	4.1437	0.1101	0.0409	0.1963	0.2075	0.0672	0.153	0.2231	0.1159	0.1223	0.5198
CTB-33G10.1	0.4944	0.7804	0.3334	0.4599	0.9281	0.49	0.3723	0.4472	0.4727	0.5001	0.1324
CTC-260E6.2	0.4756	0.9035	0.4493	0.2731	0.5615	0.2232	0.5601	0.3614	0.431	0.1357	0.0792
CTC-548K16.5	0.2465	0.7586	0.7281	0.6376	1.2931	0.2211	0.9691	0.9469	0.5551	1.0036	0.1837
CTD-2248H3.1	0.6112	1.2362	0.3257	0.2397	0.3707	0.7454	0.4416	0.6672	0.0443	0.5678	0.1623
CTD-2256P15.4	0.0315	0.0664	0.0147	0.0722	0.3596	0.0055	0.0521	0.0515	0.0368	0.0071	0.0024
CTD-2313F11.1	0.0263	0.3144	0.1458	0.615	0.7154	0	0	0.8525	0.6682	1.4918	0.0268
CTD-2647E9.3	0.1326	0.1008	0.0607	0.28	0	0	0.8038	0.3109	0.6749	0.3335	0
CTD-3092A11.2	0.3321	0.5804	0.3676	0.0908	0.1809	0.5553	0.8687	0.2101	0.8881	0.1648	0.0724
CTLA4	0.1978	1.7512	7.4611	3.5298	1.2103	0.0175	0.3746	3.2801	1.5967	5.9583	0.0573
CTSW	0.1164	1.8834	0.5301	7.0711	5.5103	0.4654	0.6881	3.6398	5.9116	5.1482	0.3363
CTTN	0.4697	0.1411	1.4807	0.8645	0	0	1.1854	1.0359	0.223	1.5638	0.461
CX3CR1	0.0574	0.0088	0.6792	0.3149	0.6677	0.5399	1.7617	0.0764	1.21	0.2376	0.0161
CXCL13	0.1624	0.1127	2.4142	4.6121	0.7547	0.0151	0.0336	2.4711	0.5482	4.68	0.1507
CXCR2P1	0	0	0	0	0.0198	3.0967	0.2604	0.0166	0.0489	0	0
CXCR5	5.6109	0.9936	1.2824	0.3251	1.0232	0.0057	0.2384	0.8535	0.734	1.0497	0.4012
CXCR6	0.1984	1.0679	4.631	2.9033	1.1255	0.0669	0.3751	3.8335	0.6342	3.7135	0.1232
CYTH3	0	0.1857	0.1207	0.0571	0.1527	0.3164	0.23	0.0549	0.6491	0.0479	0.007
DBH-AS1	0.0621	0.4149	0.6753	0.139	0.1215	0.0094	0.0254	0.2397	0.0897	1.0639	0
DCHS1	0	0.0274	0.0016	0.0024	0.2094	0.0397	0.1698	0.0287	0	0.0369	0.0331
DERL3	0.5066	0	0.1342	0.8462	0	6.1723	0.5686	0.8001	0.0492	0	7.512
DGKH	0.0962	0.3888	1.1589	1.672	0.3394	0	0.4226	1.2982	0.4289	1.5572	0.0065
DHFR	0.4525	0.221	0.2616	4.4398	0.2634	0.2691	2.6105	4.6386	0.3047	0.257	0.1804
DHFRP1	0.0752	0	0.0661	3.4892	0	0.0189	1.9007	3.7599	0.0781	0.0623	0.0752
DHRS3	0.2727	2.64	0.6713	0.5923	1.3536	0	4.9501	0.8394	2.4152	0.5254	0.013
DIAPH3	0.1254	0	0.1296	1.9593	0	0	1.25	2.582	0.0535	0.0739	0.0229
DLGAP5	0	0	0	3.3875	0	0	1.4511	4.1145	0.0802	0.2209	0.137
DNA2	0.2305	0.006	0.163	2.7611	0.0733	0.4226	0.7556	1.8405	0.0434	0.1134	0.1111
DNASE1L3	0.3198	0	0.0512	0.0466	0	6.7805	0.0073	0.058	0.0675	0.0252	0
DTHD1	0	0.3058	1.2821	1.2257	0.6302	0.014	0.0241	1.7568	1.0356	3.6258	0.0195
DTL	0.1311	0	0.3152	3.8652	0.0837	0.043	2.1514	4.1378	0.1147	0.3259	0.1298
DUSP16	0.2774	1.0229	2.8309	0.8354	0.9847	0.2285	0.1693	1.3848	0.5838	0.9391	0.0924
E2F2	0.094	0.0416	0.079	1.7019	0.1393	0.2417	0.993	2.3845	0.0773	0.105	0.1321
EBF1	4.2332	0.0527	0.0941	0	0.064	0	0.0221	0.1563	0.0317	0.0381	0.2134
EEF1A1P10	0.5436	0.8447	0.6988	0.3173	0.6712	0.4327	0.3967	0.3849	0.4602	0.317	0.0776
EEF1A1P14	0.3627	0.7418	0.5311	0.3029	0.4628	0.4051	0.2165	0.3356	0.3935	0.2002	0.1223
EEF1A1P16	0.3344	0.768	0.5887	0.1762	0.5784	0.4174	0.2346	0.2905	0.4181	0.3156	0.0491
EEF1A1P8	0.4651	1.0284	0.5968	0.3731	0.6247	0.6615	0.3212	0.4209	0.492	0.405	0.101
EGLN3	0.0578	0.3643	0.0556	0.1034	0	5.8742	2.2538	0.1764	0.0816	0.0157	0.0384
ELL3	2.5305	0.1203	0.0836	0.1695	0.0698	0.2583	0.2802	0.2165	0.0524	0.0343	0
ENC1	0.6508	0	0.1377	0.2734	0.4385	0.1298	0.3159	0.8839	0.5158	1.3467	0.1647
EOMES	0	0.4467	0.1651	2.8867	0.8018	0.0563	0.0483	2.2063	0.7715	1.8345	0
EPHA2	0	0	0	0.094	0	2.7338	0.2134	0	0	0	0.0015
EPHB1	0	0	0	0.054	0.0448	5.3305	0.0659	0.1101	0.0378	0.0755	0
EPHX2	0.0571	1.0859	2.2808	0.3288	0.3112	0	0.1749	0.4518	0.6194	0.8013	0.1959
ESCO2	0.074	0.0118	0.069	3.5284	0	0	1.8851	3.4337	0.1469	0.1151	0.0994
ESPN	0.1075	1.7045	1.299	0.2297	0.8064	0.0189	0.0661	0.2922	0.8088	0.608	0
ETV1	0	0.0138	0.3378	1.2911	0.2892	0	0.377	0.4784	0.3211	1.4984	0
ETV7	0.4303	0.2957	2.5802	1.3215	0.144	0	0.4467	1.6993	0.3624	1.1478	0.3992
F2R	0	0.6425	1.0654	3.1301	1.7901	0	0.1181	2.8026	0.8607	2.8356	0.4281
F5	0.0026	0.6213	3.1775	0.5796	0.0155	0	1.5929	0.8875	0.0817	0.546	0.0024
FAAH2	0.1899	1.2425	2.7317	0.3191	0.5614	0.2556	0.0344	1.0411	0.7348	0.9507	0.8218
FAIM2	0	0	1.2848	0.2153	0	0	1.2991	0.5633	0.0552	0.6331	0.0073
FAM129C	3.0177	0.029	0.0152	0.0713	0.0339	5.1361	0.017	0.1132	0.0927	0.0061	0.0032
FAM198B	0	0	0	0.0163	0.0038	0.1296	4.1583	0	0	0	0.0172
FAM72D	0.0826	0	0	1.1546	0	0.0453	0.9532	2.5611	0.0691	0.2523	0.048
FANCI	0.5109	0.1704	0.4591	5.4036	0.2838	0.6305	2.3284	4.8904	0.3686	1.1647	0.2818
FASLG	0	0.1494	0.3292	3.2904	0.6284	0	0.097	1.8852	1.0767	2.1995	0.0146
FBLN7	0.1252	1.4354	2.9339	0.0664	0.512	0.2836	0.1195	1.3074	0.8817	0.8544	0.0093
FBP1	0.0543	0.0225	0.2585	0	0.1757	0.915	10.149	0.0888	0.4012	0	0.4963
FBXO5	0.3553	0.0677	0.2543	3.9723	0.2747	0.4295	1.7645	3.7644	0.1575	0.5254	0.4491
FCER2	4.779	0.014	0	0.0458	0.0128	0	0.043	0	0.0855	0	0.2982
FCGR1A	0	0	0.0171	0	0.2196	0.1335	6.8291	0	0.1188	0.0526	0.0604
FCGR1B	0	0.0632	0	0	0.0807	0.0885	4.6413	0	0.0621	0	0.0085
FCN1	0	0.061	0.0425	0	0.0766	0.035	6.5292	0	0.0452	0	0.1632
FCRL1	6.5722	0	0.0573	0	0	0	0	0.2045	0.1057	0.0594	0.3751
FCRL2	3.063	0	0.119	0	0	0.0101	0.0537	0.1383	0.1115	0	1.2346
FCRL5	4.4964	0.0107	0.0093	0	0.0084	0.4676	0.0064	0.2297	0.1777	0.0165	5.2662
FCRL6	0.0584	0.3047	0.0865	0.7619	1.0588	0	0.4961	0.337	1.7644	0.8166	0.0499
FCRLA	5.4076	0	0	0	0	2.2235	0.0509	0.3231	0.0142	0	0.5135
FER1L4	0	0	0.077	0.0178	0.0859	0.0217	0	0.1384	0.1208	0.0537	3.2068
FGFBP2	0.0773	0	0	0.258	0.3854	0.0346	0	0.6215	1.2435	0.3376	0
FKBP11	0.3672	2.0181	0.6035	2.3584	2.0969	0.9862	0.9582	2.8641	1.9414	1.0908	8.5484
FKBP2	1.1522	2.0867	2.2388	3.9518	1.3822	5.4856	6.217	4.5897	2.1292	2.4963	7.2585
FLT3	0.0536	0.0245	0	0	0.0227	2.576	0	0.063	0.0304	0	0.095
FLT3LG	0.4301	3.608	2.1977	1.796	3.322	0.213	1.0974	2.3397	2.0874	1.2646	0.2025
FN1	0.0869	0.2082	0.0771	0.1625	0.0232	0.1325	8.0529	0.321	0.1337	0.2171	0.0808
FNDC3B	0.2415	0.2248	0.8586	0.3056	0.7585	0.444	4.8633	0.6785	0.9943	0.521	3.3131
FOXP3	0.1029	0.3728	3.6815	0	0	0	0.1797	0.6725	0.0302	0.2625	0
FPR3	0	0	0.0275	0	0	0.0563	5.1426	0.0062	0.0718	0.007	0
FTH1P20	0.5263	0.9754	0.7464	0.4554	1.3586	1.0964	1.893	0.2675	0.9487	0.3085	0.0987
GABARAPL1	0.6255	1.1582	1.4761	3.0808	3.5984	1.7261	3.8554	1.6462	3.0269	3.0384	0.3408
GAPT	1.8226	0.0606	0.0108	0	0.0558	5.6439	0.9014	0.1846	0.1164	0	0.0251
GAS6	0.2777	0.0792	0.0069	0.0477	0.1545	4.4041	1.0165	0.1173	0.1348	0	1.6098
GEM	0.1398	0.2517	2.1699	3.2763	0.2615	0.4465	2.1623	2.3757	0.7349	3.2777	0.1348
GFOD1	0.8812	0.2206	0.6866	1.7189	0.2222	0.0148	0.7862	0.9421	0.7368	1.5644	0.051
GIPR	0.0427	0.234	0.5102	0.4367	0.2785	0.165	0.0333	0.1799	0.3571	1.1758	0.7628
GNAQP1	0	0.0193	0	0.0494	0.2535	0.1487	0.1652	0.0205	0.0208	0	0
GNG7	1.8074	0.0105	0.0062	0.0793	0.0088	2.9012	0.1897	0.1419	0.1172	0.0282	2.065
GNLY	0	0.1516	0.8693	2.2637	2.5978	0.1004	0.2955	2.8546	5.8562	2.6908	0.0245
GPR132	1.3077	1.1644	1.4846	0.6538	2.4221	1.5298	1.7258	1.2705	1.0134	1.6762	0.1611
GPR155	0.2521	1.1608	1.4606	0.2584	1.4709	0.5131	0.9088	0.8723	0.3168	0.529	0.4883
GPR18	4.46	0.8313	0.6555	0.8711	1.3798	1.05	0.2893	1.0873	0.6392	1.4441	0.0948
GPR56	0	0.1004	0.6089	1.865	1.139	0.0964	0.4037	1.0561	2.0283	2.5088	0.0348
GPX3	0.0362	0.2538	0.1547	0.0458	0.2034	0	5.1295	0.1173	0.1904	0.2831	0.0417
GRAP2	0.4941	2.7057	2.3365	2.9995	3.1759	0.0165	0.1274	1.7549	1.9433	1.6709	0.0058
GTSE1	0.104	0	0.06	3.3633	0	0.0721	1.6394	3.5906	0.1619	0.2245	0.151
GUCY2D	0	0	0	0	0	1.0856	0.0257	0.0109	0	0	0
GZMA	0	2.2109	1.5995	8.0797	4.6226	0.0948	0.4017	6.4376	6.1298	6.479	0.0989
GZMK	0.0491	1.3462	0.9485	5.5574	4.0352	0.0122	0.1342	5.4275	3.34	6.3819	0.0733
HAVCR1	0.0591	0.1663	0.2831	0.1969	0.1434	0.1376	0.0361	0.2344	0.1575	0.9518	0
HCK	0.382	0.0154	0.0102	0.0088	0.1669	1.241	7.7397	0.0665	0.1563	0	0.123
HID1	0	0.2822	0.0723	0	0	0.2565	0	0	0.0737	0	2.801
HIST1H3G	0.0918	0	0.0799	2.6583	0	0	1.2011	3.1312	0.0439	0	0.179
HIST1H3J	0.1274	0.0581	0.0492	1.8904	0.1462	0.0728	1.0664	2.8223	0.1559	0.2575	0.264
HJURP	0.156	0	0	3.4978	0.0906	0	1.7637	3.7765	0	0.0893	0.1746
HK3	0.0097	0	0	0.0334	0.0367	0.0062	7.2212	0.0625	0.0084	0	0.0544
HLA-DOB	5.7876	0	0.1481	0.1174	0.0605	1.287	0.171	0.4999	0.0176	0.035	1.6362
HNMT	0	0	0.0362	0.0824	0	0.1276	7.2158	0.0292	0	0.0293	0.0097
HNRNPA1P21	0.1178	0.111	2.0399	0.1313	0.1413	0	0.0988	0.5297	0.1589	0.319	0
HOPX	3.0921	0.664	0.3281	2.6371	2.0202	0	0.2329	1.73	3.8865	1.2204	0.2337
HSPA13	0.9162	0.6142	1.1982	1.572	1.182	1.466	2.0432	1.9588	1.0351	1.1081	3.2556
HSPA8P5	0.1598	0.2712	0.2828	0.278	0.3649	0.1435	0.1612	0.2489	0.5001	0.3165	0.0079
HSPA8P9	0.2167	0.2706	0.3054	0.3474	0.5191	0.2877	0.1699	0.4025	0.6276	0.4354	0.0471
ICA1	0.1726	0.2694	3.124	0.7156	0	0.029	2.4624	1.3961	0.2695	1.1012	0
ICOS	0.2509	4.0376	6.9832	3.6012	1.7209	0.0086	0.2996	3.3563	1.6623	3.69	0.0546
IGHA1	1.7178	0.06	0	0.0126	0	0.0379	0	0.4264	0.4171	0.2337	8.0683
IGHA2	0.6667	0.0391	0	0	0.0143	0.0322	0	0.2549	0.1807	0.1059	4.9632
IGHD	4.7444	0.0133	0.1318	0.0904	0.0154	0.2008	0	0.1941	0	0.0671	0.1581
IGHG1	5.474	0.025	0.2461	0.3293	0.0496	0.2944	0.013	0.9518	0.2719	0.1728	10.4889
IGHG2	3.4913	0.0182	0.1105	0.1005	0.0432	0.023	0.0111	0.4378	0.1934	0.0495	7.5694
IGHG3	3.9558	0	0.0248	0.07	0.0207	0.0423	0.0104	0.4331	0.1412	0.0863	7.8967
IGHG4	1.8034	0	0.0231	0.1054	0	0.0146	0	0.1911	0.123	0.0354	6.3756
IGHGP	2.4593	0.034	0.0472	0.0282	0.0126	0	0	0.2935	0.1198	0.0377	6.0459
IGJ	3.6446	0.1037	0.1052	0.0183	0.0155	12.17	0	0.7897	0.0927	0.0843	11.8843
IGKC	7.9858	0.0544	0.4467	0.1714	0.2141	9.0059	0.0367	1.2517	0.4287	0.4596	14.1614
IGLC1	3.2829	0.058	0	0	0	0.1125	0.0521	0.2855	0.0787	0.0688	7.6745
IGLL5	3.2315	0	0	0	0.0542	0	0.017	0.2215	0.0757	0.0209	6.3185
IGLV3-1	0.765	0	0	0	0	0	0	0.0281	0.0736	0	4.3804
IGLV6-57	0.7263	0	0	0	0	0	0	0.0673	0	0	3.263
IKZF2	0.3668	0.699	2.8824	1.0749	0.5512	0.47	0.3045	2.4245	0.9832	2.4352	7e-04
IKZF4	0.0882	0.35	2.4471	0.8735	0.1787	0.14	0.5884	0.9447	0.1238	0.8057	0.0545
IL10	0.0109	0.0499	0.4671	0.6504	0	0.2095	1.4935	0.8485	0	1.113	0
IL12RB2	0.0548	0.3639	2.1534	0.0952	0.283	0.065	0.1688	0.8317	1.0386	0.3615	0
IL1R1	0	0.0467	1.004	0	0.0438	0	0.1179	0.2256	0.135	0.1142	0.0018
IL1R2	0	0	1.8891	0	0.0638	0	0.4334	0.5477	0.0894	0.2675	0.0296
IL2RA	0.4267	0.3319	3.7998	0.4782	0.1651	0	3.3682	1.5641	0.7261	0.6631	0.0588
IL3RA	0.0929	0.0343	0.0801	0.032	0.062	7.786	1.4178	0.0691	0.04	0.0344	0.1549
IL7R	0.2454	7.1834	4.1522	0.966	6.5156	0.0718	4.7969	1.4985	5.3794	1.7134	0.0982
ITGA1	0	0.5846	0.134	1.7533	1.1072	0	0.0973	0.863	0.6997	1.0952	0.0356
ITM2C	1.0504	1.163	0.4729	0.895	2.2699	8.9414	0.7513	1.0372	0.9819	0.8462	6.6214
JAM3	0.2284	0.0604	0.1145	0.3078	0.6301	0	0.253	0.3727	0.2372	0.2943	0
JMY	0.3879	0.7042	1.0707	0.4113	0.8915	0.54	0.2508	0.4262	1.6144	0.783	0.6521
KB-1208A12.3	0.6729	1.2676	0.547	0.6057	0.7978	0.6011	0.636	0.7137	0.5402	0.632	0.2149
KCNK5	0.0174	0.3188	0.7675	1.6816	0.1111	0.0051	0	1.7323	0.22	1.4927	0
KCNN3	0.4045	0	0.0217	0.0442	0.081	0.0205	0	0.067	0.0691	0	2.4625
KIAA0101	1.0524	0.0337	0.8031	7.7506	0.0838	0.057	3.9738	7.7734	0.2457	1.0197	0.2778
KIAA1324	0.1527	0.6099	2.0376	0.7458	0.312	0	0.1751	1.0009	0.3332	1.3962	0
KIAA1671	0.0699	0.0153	0.7076	0.4715	0.4035	0	0.0426	0.5807	0.3736	1.1769	0.005
KIF11	0.5533	0.182	0.2342	3.975	0.0778	0.0149	2.2491	4.6387	0.1455	0.3583	0.1346
KIF15	0.1147	0.0376	0.0559	3.0766	0	0	1.3618	2.9174	0.0838	0	0.0395
KIF18B	0.1253	0	0.0637	3.3896	0.0038	0	1.3892	2.9666	0.077	0.1004	0.1196
KIF23	0.0807	0.1003	0.116	4.1803	0.0603	0.0395	1.8233	4.3432	0.3412	0.2053	0.1163
KIF2C	0.341	0	0.0439	3.8933	0	0.0632	1.98	4.6955	0.068	0.2569	0.1463
KIFC1	0.4296	0	0.1316	3.8693	0.01	0.0837	2.0979	4.8951	0.058	0.2931	0.083
KIR2DL3	0.0249	0.0385	0	0.3205	0.086	0.0317	0.0356	0.1355	0.7382	0.2468	0
KIR3DL2	0	0	0	0.4417	0.1932	0.0249	0.0861	0.5542	0.7472	0.5437	0
KLRB1	0.0174	2.5084	2.5303	0.2266	0.7949	0.0355	0.1936	0.837	3.3613	0.6252	0.0062
KLRC1	0.0126	0.1591	0	1.4308	0.8995	0	0.0826	0.3606	1.982	1.3082	0.0136
KLRC2	0	0.2395	0	1.3884	0.498	0.0149	0.0427	0.4263	1.3298	1.0462	0
KLRC3	0	0.1761	0	1.543	0.5537	0	0.0268	0.5905	1.2227	1.0118	0
KLRC4	0	0.2845	0.0368	3.2227	2.0146	0.0547	0.0411	1.5665	1.0071	2.2425	0.0406
KLRC4-KLRK1	0.2646	0.5566	0.1894	3.4362	3.5906	0.0783	0.0438	2.0781	2.1773	3.3632	0.0105
KLRD1	0	0.1098	0.0738	5.5339	2.8538	0.0315	0.1137	2.0025	3.8389	2.6094	0.0862
KLRF1	0.0737	0.1026	0.1178	0.0526	0.0955	0.1833	0.2261	0.0581	2.0996	0.237	0
KLRK1	1.2555	1.9638	0.5184	8.133	8.2923	0.1665	0.2053	4.6224	5.7398	6.9903	0.2099
KRT5	0	0	0	0	0	3.344	0	0.0803	0	0	0.0372
LAG3	0.0128	0.2922	1.529	3.73	1.851	0.5328	0.136	2.7967	0.7209	3.2161	0.0694
LAIR2	0.1237	0.2085	1.7583	0.7591	0.2409	0.9189	0.362	0.7753	0.4132	0.6934	0
LAMP5	0.1699	0	0	0	0	4.6115	0.2429	0.075	0	0	0.1853
LAYN	0	0	2.0141	1.1157	0.2212	0.0396	0.0832	0.7341	0.058	1.2234	0
LDLRAD4-AS1	0	0.232	0.816	0.1988	0.0379	0.179	0.0385	0.4744	0.2728	0.1752	0
LDLRAP1	0.1139	2.2304	0.5349	0.6048	1.5987	0.1543	1.5986	0.7067	1.1107	0.5663	1.0395
LDOC1L	0	0.4917	0.6352	0.9989	1.216	0.1042	1.2751	0.7037	0.7623	0.9943	0.0018
LEF1	0.3005	2.9022	2.4285	1.1121	1.9062	0.1175	0	1.7218	1.7993	1.4957	0.1715
LGALS9B	0.0301	0.0209	0.0675	0.0276	0.0394	0.0676	0.0592	0.0463	0.5593	0.1275	0
LGALS9C	0.1188	0.1148	0.1843	0.0256	0.0592	0.1055	0.4432	0.0299	0.4873	0.3036	0.0528
LILRA4	0.3097	0	0	0.0293	0.0074	10.656	0.1399	0.1059	0.0274	0	0
LILRA6	0.0529	0.0901	0.1192	0.0209	0.2291	0.5707	4.584	0.0254	0.0886	0.0912	0.0783
LINC00484	0.0717	0.0737	0.1289	0.3517	0.0293	0	0.3919	0.494	0.143	0.7176	0.0485
LINC00861	0.0516	2.7482	1.5477	0.91	1.8794	0.0673	0.1208	1.1411	1.9414	1.5187	0.188
LINC00926	3.2559	0.0416	0.126	0.0128	0	0.0365	0.1054	0.3038	0.0578	0	0.1022
LPAR2	0.4381	1.4422	3.2645	1.4957	1.6373	0.3025	0.703	1.2411	1.2139	1.4339	0.3491
LRP1	0.0607	0.1366	0.1063	0.1007	0.2433	0.0992	5.4344	0.1054	0.1352	0.1185	0.0596
LRRC32	0.4294	0.0906	0.9273	0.0708	0.0891	0	0.1715	0.1869	0.0572	0.1292	0.0527
LRRK2	1.3142	0.0351	0.0295	0.0855	0.0393	0.5318	0.8257	0.0179	0.1509	0.0799	0.0346
LTA	2.0436	0.7921	2.9241	0.6279	0.3434	0.2389	0.0613	1.8791	0.7599	1.3056	0.0101
LTB	6.1259	6.7719	7.0662	0.6971	3.6756	5.8086	0.562	2.9597	3.3806	2.5546	0
LY86	4.4764	0.0475	0.012	0	0.2441	0.7224	5.5806	0.1016	0.108	0.098	0.0356
LYZ	0.112	0.1382	0.0759	0.0245	0.1834	0.8887	9.8715	0.2031	0.3318	0.1935	0.3888
MAD2L1	0.6877	0.3504	0.5727	5.9156	0.519	0.788	3.652	6.4826	0.0855	0.767	0.2888
MAF	0.2178	1.387	3.8408	0.4875	0.7271	0.0349	2.1192	1.3717	1.3316	1.8132	0
MAFF	0.2939	0.4282	0.534	0.5796	1.0259	0.2755	0.9797	0.311	2.085	0.4169	0.1586
MAGEH1	0.4936	0.6968	3.5124	1.2343	0.0188	1.0219	1.513	1.8551	0.2437	1.5357	0.8536
MAL	0.1883	2.4402	1.6956	0.251	0.6255	0.2869	0.1109	0.5029	0.3061	0.8313	0.0594
MAML2	0.3917	1.3051	0.8319	0.6271	0.79	0.4709	1.2541	0.682	0.8493	0.8055	0.1189
MAN1C1	0.0269	0.76	0.1502	0.1213	0.6812	0	0.875	0.0922	0.1327	0.1937	0.0012
MANEA	0.5157	0.2692	0.6109	1.3218	0.3888	0.0044	1.4839	1.3869	0.317	0.7765	3.0415
MAP1A	0.0931	0.0593	0.0361	0.0207	0.1134	4.3221	0	0.0913	0.0968	0	0.0075
MARCKS	1.2452	0	0	0.0724	0.0377	0.0418	3.6747	0.2318	0.1661	0.1059	1.3507
MARCO	0.0127	0.0262	0	0	0	0	8.1424	0	0	0	0
MAST4	0.5461	1.0561	1.8011	0.4717	0.2181	0.206	0.1506	1.1063	0.5961	1.042	0.1628
MATK	0.0637	0.2917	0	1.0028	1.1011	0.0528	2.3259	0.5704	2.2101	0.7352	0
MCM10	0	0	0	3.1005	0	0.0695	1.5063	2.9308	0.0702	0.1305	0.0451
MCM4	0.0895	0.2071	0.8319	6.3117	0.1876	0.3714	4.4167	5.5874	0.1779	1.2388	0.1862
MELK	0.3046	0	0.1983	4.5288	0	0	2.651	4.5749	0.0772	0.2138	0.1769
MIAT	0.5461	2.4183	3.3392	2.0629	3.5228	0.0165	0.4159	2.152	1.9704	2.9346	1.0944
MKI67	0.3746	0	0.1543	4.9204	0.0652	0.0171	2.1396	4.8622	0.3232	0.621	0.2042
MLC1	0.0429	0	0	0.3249	0.0777	0	0.0644	0.1125	0.8506	0.0657	0
MLF1IP	0.3764	0	0.1246	5.0728	0	0.113	3.2152	5.4643	0.2091	0.4726	0.2808
MPEG1	2.2176	0.0233	0.0145	0.005	0.0118	8.4695	4.207	0.1048	0.0076	0	0.0341
MRC1	0.0015	0	0.0575	0	0.0016	0.0457	4.2357	0	0.009	0.0521	0.0021
MRC1L1	0.0015	0	0.1181	0	0.0016	0.2882	6.0451	0	0.009	0.2052	0.0021
MS4A1	10.7534	0.44	0.1687	0.0303	0.5984	0.0225	0	0.3508	0.295	0.1552	0.1971
MS4A4A	0.0752	0.0196	0.02	0	0.0495	1.546	6.9982	0.0549	0.0804	0	0.0839
MVB12B	0.1615	0.348	0.1732	1.4667	1.168	0.4828	0.3897	0.5639	0.455	0.8162	0
MYBL1	0.7089	0.2971	0.0335	0.195	0.2828	0	0.178	0.4081	0.9992	0.1471	0.1107
MYCL	0	0	0	0	0.0114	2.513	0.47	0	0	0	0.0148
MZB1	1.8654	0.1658	1.3218	1.6829	0.4385	7.5842	0.0815	2.3084	0.5008	1.6052	9.916
NAB1	0.5716	0.724	2.6328	4.15	1.1442	0.5211	1.5766	4.2863	1.2003	4.4819	0.6052
NAPSB	7.5584	0	0.1831	0.0646	0.0729	11.1591	0.804	0.5082	0.12	0.0292	0.0279
NCALD	0.1714	0.601	2.1964	2.2007	0.6748	0	0.1808	1.5275	1.2477	2.6259	0.1221
NCAM1	0	0.0045	0.0128	0.0171	0.0695	0.0888	0.1285	0.2251	1.852	0.1288	0.0574
NCAPG	0.4346	0	0.2857	3.8554	0.0096	0.0391	2.0852	4.0954	0.0599	0.2443	0.179
NCAPH	0.3161	0	0.4921	4.2728	0.4708	0	2.4181	5.0912	0.0105	0.41	0.2445
NCF1C	5.8233	0.0249	0.0938	0.0198	0.2402	4.5088	2.7615	0.3056	0.0438	0.089	2.3209
NCR1	0.1233	0	0.1775	0.0304	0	0	0.0953	0.4374	0.8724	1.3388	0.0165
NCS1	0	0	0.0182	0.0494	0.0248	0	0.332	0.0031	0.2056	0	0.0037
NDC80	0.2499	0.4017	0.9975	5.015	0.312	0.0196	1.7105	5.2398	0.1784	0.7644	0.1515
NEIL1	3.8829	0.5047	0.0278	0.0514	0.2867	0.2128	0.8323	0.2483	0.3707	0.15	0.6708
NEIL3	0.1921	0	0	1.5821	0.0092	0.0257	0.8878	3.0317	0	0.3758	0.048
NELL2	0	2.3706	1.1781	3.0399	3.7917	0.0103	0.1108	1.8549	1.7231	2.9576	0.0872
NINJ2	0.4102	0.513	2.4635	0.8839	0.3684	0.4715	0.9517	2.0359	0.2969	1.3579	0.0532
NKG2-E	0	0.1732	0	1.6582	0.3036	0	0.0289	0.6956	1.3968	0.9469	0
NKG7	0.2982	0.4762	1.1428	10.3643	7.2081	3.3036	1.1506	6.3699	7.4394	8.8849	0.1029
NLRP1	1.942	3.396	2.7723	1.3244	3.7681	0.1626	1.7743	1.6891	2.4699	2.6253	0.8911
NMB	0.0639	0.0308	1.7601	1.215	0.3171	0	0.4234	1.1571	0.3483	1.5375	0.1258
NME8	0.0451	0	0	0	0.0071	2.5212	0.482	0	0.0693	0	0.0226
NMUR1	0	0.0631	0	0.0499	0.0749	0	0.0408	0.1882	0.6395	0.1226	0
NOTCH4	0.0061	0.0722	0.0494	0.1735	0	3.6373	0.994	0.3335	0.2139	0.3474	0
NTNG2	0.0151	0.0253	0.2743	0.0155	0.0085	0.1296	0.0088	0.1108	0.0945	0.0742	0
NUF2	0.5645	0.0434	0.2894	3.553	0	0	2.0511	4.8742	0.1581	0.4263	0.1546
OLR1	0.0632	0.065	0.0213	0	0.0823	0.0259	5.4416	0	0.0642	0.0969	0.0453
OTOF	0.0433	0.0381	0.7289	0.1222	0.2023	0	0	0.1018	0.047	0.1188	0.02
P2RY14	0.3189	0.0805	0.6348	0.0078	0.278	5.571	0.279	0.1152	0.0821	0	0
P2RY6	0	0	0	0	0.0397	5.3758	3.0966	0.0234	0.0174	0	0.365
PACSIN1	0.0815	0.2706	0.0388	0.0383	0.2256	3.8309	0	0.1127	0.156	0.2388	0.0336
PALD1	0.4721	0.0669	0	0.0757	0	3.0558	1.5016	0.0516	0.0677	0.0177	0.0029
PASK	1.6924	3.376	3.2904	1.8014	1.8579	0.4552	1.1198	2.0602	1.0098	1.3614	0.4396
PAX5	5.7547	0	0.0356	0.016	0.0026	0	0	0.3106	0.0206	0	0.1997
PBK	0.0617	0	0	2.7774	0	0.0132	0.6761	2.9424	0.02	0.0369	0.0893
PBX4	0.1408	1.4568	3.2812	1.1862	1.9694	0.0172	0.1182	1.9654	1.8255	1.1747	0.1824
PBXIP1	2.5736	5.3521	5.0668	1.7751	3.578	1.8075	1.4369	2.9037	3.8282	3.4565	1.4374
PDCD1	0.239	1.5305	4.8786	5.3139	1.5897	0.1324	0.221	4.4566	1.3048	5.6813	0.0776
PDE3B	0.081	1.2656	1.381	1.8723	2.1236	0.0922	0.6954	1.5556	1.6075	2.1084	0.0026
PDE8A	0.1678	0.4846	0.2058	0.1824	0.2781	0.1234	0.888	0.4136	0.6938	0.1546	0.0679
PDGFA	0.1335	0	1.1839	0.5631	0.1447	0	0.6488	0.5356	0.0624	0.1306	0
PDK1	0.8464	0.997	1.049	0.7494	0.8426	0.1899	2.9416	1.4953	0.5415	0.6904	4.4047
PFKFB2	0.3836	0.2811	0	0.2405	0.2242	5.4039	1.246	0.0657	0.3848	0.1058	0.1941
PHACTR1	3.5726	0.0228	0.087	0.0997	0.0416	3.632	1.7446	0.159	0.0859	0.0624	0.4767
PIK3C2B	4.0482	0.8953	1.1935	0.4486	0.6001	0.1257	0.6193	0.6612	0.7249	0.8841	0.5607
PIK3R1	0.4161	2.1331	1.3076	2.0668	4.2943	0.7367	1.2571	1.6626	3.4796	3.1555	0.2405
PKIG	4.2616	0.0191	0.1375	0.2871	0.188	1.9941	0.5206	0.2556	0.0907	0.0598	0.6328
PKMYT1	0.2631	0	0.4974	5.5349	0	0.0658	3.3306	5.4929	0.1502	0.1575	0.1488
PLAT	0.1096	0.7244	0.3243	0.1702	0.3047	0.0538	0.1804	0.4055	0.2383	0.3812	0
PLAU	0.0175	0	0.0272	0	0.0137	1.196	6.8158	0	0.0315	0	0.0223
PLBD1	0	0.0177	0.0164	0.0575	0.0525	0.0746	5.7777	0.0572	0.0403	0	0.2691
PLCG2	5.747	0.2353	0.1416	0.6935	0.48	2.1601	1.8918	0.9583	1.2841	0.8727	3.8174
PLD4	1.3063	0	0.0191	0	0.0252	9.2783	0.4933	0.1453	0.102	0	0.1529
PLEKHD1	0.0573	0	0.0152	0	0.0597	2.4256	0	0	0	0.0044	0
PLEKHG1	2.1819	0.1135	0.3835	0.2282	0.0818	0	0.0556	0.164	0.0668	0.4574	0.0935
PLVAP	0	0	0.0352	0	0	3.9041	0.052	0	0.0074	0	0
PLXDC1	0.0779	0.5006	0.0966	0.0644	1.3812	0.4075	0.0667	0.0305	0.9236	0.2523	0.0126
PLXDC2	0.0856	0.0854	0.0612	0.0025	0.0697	0.5286	6.7359	0.0334	0.3642	0.0451	0.0098
POLQ	0.1908	0	0.0978	2.1812	0	0.0025	1.2119	2.7485	0.0939	0	0.089
POU2AF1	4.8619	0.6783	1.0892	0.9445	0	0.0402	0.0411	1.2848	0.2655	1.7639	5.2041
PPM1J	0	0	0	0	0	2.7451	0.047	0.0688	0	0	0
PRDX4	1.3627	1.1436	1.4165	4.0175	0.772	1.6197	6.9015	3.7314	0.4993	1.0301	8.0951
PRF1	0.0773	1.0243	2.8377	8.0508	4.0865	0.0711	0.2671	5.5294	4.4449	7.0041	0.0876
PTAFR	0.6375	0.03	0.0098	0.08	0	0.0469	6.4491	0.0587	0.1116	0.0301	0.2156
PTCRA	0	0	0	0	0	4.289	0.0871	0	0	0	0.0613
PTGDR	0	0.3544	0.0809	0.1581	0.3676	0.039	0.0536	0	1.6987	0.3141	0.0906
PTGDS	0.069	0.132	0	0.0143	0.2988	7.5015	0.0667	0.0602	0.5428	0	0
PTGER2	0.1323	1.2205	0.5461	0.4567	1.5162	0	1.5007	0.1108	1.5722	0.53	0.0025
PTGER4	1.6325	5.9207	2.7111	3.7532	4.7911	1.5977	4.1398	2.9763	4.4219	3.3883	0.0658
PTPRM	0.2408	0.9919	0.6061	0.175	0.2006	0.5158	1.6065	0.5145	0.4587	0.0964	0.1036
PTPRS	0.5459	0.1334	0.1434	0.0998	0.0076	7.0227	0.0341	0.1764	0.0611	0.1345	0.8721
PXN	0.3101	2.3231	2.2234	1.073	2.5562	0.325	2.8595	1.7658	2.9808	0.9629	0.142
RAB20	0.0909	0.3849	0	0.0478	0.0852	0.2042	5.288	0.0421	0.0296	0	0
RAD51	0.3112	0.0876	0	4.8469	0.0297	0.0617	2.5871	4.8342	0.0101	0.1763	0.1096
RAD54L	0.2121	0.0317	0.066	2.3855	0.0482	0.0472	1.2918	3.0986	0	0.119	0.1418
RALGAPA1	0.9525	2.115	1.4538	1.2203	3.4794	1.011	1.0728	1.6848	3.2969	1.5985	0.6205
RALGPS2	4.7648	0.193	0.3227	0	0.101	0.4213	0	0.2575	0.2192	0.0714	1.9934
RAMP1	0.2193	0.0926	0.0729	0.2963	0	0.1437	0	0.2046	0.9806	0.1622	0
RASGRP3	4.9625	0.2929	0.3059	0.0939	0.2153	0.4498	2.1163	0.5837	0.4779	0.0059	2.1659
RDH10	0.0306	0.1748	0.9816	1.2384	0.199	0.1066	0.3393	1.3478	0.4708	1.5439	0.1113
RGPD4	0.0747	0.0232	0.0453	0.057	0.0575	0.0465	0.0106	0.0709	0.2571	0.1255	0.03
RIN2	0.1258	0.0056	0.0129	0.0599	0.1624	0.2618	5.739	0.1784	0.0744	0.0886	0.0439
RNF125	0.2195	2.1252	1.2402	1.5716	2.6707	0.44	0.6552	1.3375	2.014	0.8958	0.0398
RP11-1143G9.4	0.1228	0.157	0.1359	0.056	0.0677	0.9042	11.2604	0.2374	0.4218	0.1308	0.4348
RP11-117D22.2	0.6961	0	0.0767	0	0.2443	6.1589	0.3473	0.0659	0.0957	0.0766	0
RP11-1334A24.6	1.7825	0	0	0	0	0.0782	2.2844	0.1657	0.0537	0.1036	0.5402
RP11-158I9.5	1.7944	0.1455	0.2568	0	0.0627	0	0	0.1458	0.0568	0.1788	0.1191
RP11-16E12.2	0.3932	0	0	0.0209	0	0	0	0	0.0278	0	3.2127
RP11-214O1.3	0.0316	0.224	1.287	0.1412	0.1085	1.0664	0.1962	0.1707	0.0864	0.2027	0.0077
RP11-222K16.2	0	0.0156	0.089	1.3093	0.8249	0	0.0457	1.0159	0.6185	1.4567	0
RP11-252E2.1	0.007	0.0627	0.72	0.2007	0	0	0.0349	0.1413	0.1328	0.133	0
RP11-264B17.5	0.3507	4.0155	3.6247	3.4207	3.1629	0	0.534	3.6523	2.1395	3.4879	0.1987
RP11-265P11.2	0	0.0889	1.469	0.1907	0.0695	0	0	0.4075	0.0824	0.4812	0
RP11-282K24.1	0.7951	1.193	0.655	0.5951	0.6669	0.7405	0.4668	0.5845	0.7333	0.5516	0.1833
RP11-290F20.3	0	0	0	0	0.1204	0	4.492	0	0	0	0.0224
RP11-290F5.1	0.2204	0.0864	0.0897	0.1077	0.0622	0.0731	0	0.1504	0.0507	0.0241	3.518
RP11-291B21.2	0.0354	0.5052	0	4.0181	2.5447	0	0.0852	1.1995	1.1991	1.9557	0
RP11-305L7.1	0	0	0.1356	0.3343	0.0829	0	0.0658	0.5934	0	0.7263	0
RP11-311C24.1	0.5902	0.3934	2.1347	0.9141	0.3561	1.0071	0.759	0.7033	0.4368	0.5586	0.1219
RP11-353N4.6	2.0162	2.7961	2.3313	2.6237	3.8768	0.9428	1.5068	2.3896	3.2203	2.9027	0.6504
RP11-366O20.5	0.0576	0.0988	0.0423	0.0916	0.1237	0.0605	0.0306	0.076	0.0985	0.0358	0.0114
RP11-38J22.6	1.1616	0.0824	0	0.0294	0	8.0135	0	0.2156	0.0512	0	2.046
RP11-424C20.2	0.1363	0.0411	0.1268	2.8044	0	0.1559	1.5283	2.6255	0.0277	0.1663	0
RP11-427H3.3	0.1391	1.7132	1.717	1.1789	1.5	0.0018	1.2954	1.2808	0.8285	0.7492	0.2524
RP11-434H6.7	0.5805	0.5355	0.1149	0.9111	1.3497	0.58	0.8115	0.9738	0.6231	0.2616	0.0275
RP11-436I24.1	0.0087	0.5167	1.2846	0.4596	0.4529	0.0573	0.2727	0.7027	0.4976	1.0139	0
RP11-442A13.1	1.7702	2.9902	1.9106	1.1311	2.1836	2.0932	1.2023	1.2252	1.7978	1.0663	0.7667
RP11-489E7.4	0.6352	2.1082	1.7369	0.9763	1.605	0.6923	0.7958	1.2086	1.4017	1.4404	0.2544
RP11-497H16.2	0	0	0.025	0	0.0935	0.1254	0.3143	0.1122	0.1579	0	0
RP11-51J9.5	0.1842	2.5799	1.5142	1.35	2.3805	0.4736	1.1528	2.0408	1.3079	1.7813	0.2154
RP11-53I6.2	0.1309	1.4143	1.0078	1.1503	2.1102	0.2691	0.5943	0.8876	1.6843	0.8705	0
RP11-631M6.2	1.0822	0.9495	0.6287	0.8181	1.949	0.9325	1.192	0.5815	1.7372	0.7115	0.1838
RP11-689B22.2	0.7793	0	0.0245	0.0298	0.0309	1.0363	0.0784	0.1438	0.2356	0.0472	2.9078
RP11-693J15.5	1.0393	0.0376	0.0541	0	0	0.1948	0.0437	0.0675	0	0	0.0369
RP11-71G12.1	0	0	0	0	0	4.3818	0	0.0674	0	0	0.016
RP11-737O24.3	0.3111	0.135	0.6908	0.6011	0.8976	0.3422	0.3346	0.7322	0.6124	0.5924	0.0346
RP11-73G16.2	0	0	0	0	0	2.8542	0	0	0	0	0
RP11-76E17.3	0.0366	0	0	0	0	2.7463	0.0881	0	0	0	0.0146
RP11-792D21.2	0.1334	0.1313	0	0	0	0.0649	5.0794	0.0094	0.0753	0.0777	0.0055
RP11-81H14.2	0.3498	0	0.213	0.1449	0.4042	0.3941	0.412	0.0669	0.193	0.1895	3.2316
RP11-960L18.1	2.2312	0	0	0	0.0283	0.2075	0.168	0.1131	0.0808	0	0.8661
RP5-1028K7.2	0.2909	0.5902	1.3696	1.3058	0.6299	0	0.0779	1.9345	0.1776	2.0063	0
RPL35P1	0.5459	1.2563	0.4865	0.7182	0.3385	0.5396	0.5172	0.6923	0.7268	0.6957	0.2337
RPL5P24	0.3346	0.6992	0.3569	0.4113	0.2692	0.3737	0.2603	0.3624	0.3387	0.4413	0.0759
RPS14P3	0.4294	1.29	0.4239	0.4336	0.8323	0.8494	0.5552	0.6082	0.6583	0.4841	0.1705
RPS18P9	0.8799	1.4582	0.7114	0.9159	0.95	0.5164	0.7377	0.6041	0.9282	0.51	0.2521
RPS3AP47	0.5374	1.1882	0.6823	0.9474	0.741	1.0478	0.3058	0.6149	0.7643	0.4753	0.1084
RPS3AP5	1.2185	2.2819	1.1764	0.9558	1.2581	1.5037	0.604	0.8825	1.1622	0.8591	0.3963
RPS4XP13	0.7371	1.3095	0.8162	0.495	0.8025	0.7509	0.5353	0.6185	0.6103	0.8049	0.1824
RPS4XP14	0.489	1.0819	0.6077	0.5254	0.4198	0.5076	0.3152	0.3794	0.633	0.5443	0.1189
RPS4XP16	0.3007	0.8388	0.489	0.4118	0.3618	0.4409	0.2118	0.3883	0.3907	0.2946	0.0906
RRBP1	0.4149	0.541	1.1165	1.4995	0.786	4.6106	2.9657	1.1436	1.041	0.6892	3.906
RRM2	0.302	0.0067	0.1591	7.8412	0	0.007	3.671	8.3447	0.302	0.1323	0.2908
RTKN2	0.296	0.4816	2.8156	0.3447	0	0.0352	0.2339	1.5837	0.2981	1.0271	0.0191
S100A8	0	0.0721	0.2395	0	0.1727	0.1361	6.5234	0.0935	0.3325	0	0.3974
S100A9	0.035	0.1608	0.2837	0	0.2229	0.1418	8.579	0.1417	0.2844	0	0.4276
S1PR1	1.1259	3.9868	0.8886	0.9271	3.1774	0	0.8111	1.9318	3.0468	0.6532	0.0594
S1PR5	0	0	0.0803	0.1433	0.6888	0	0.046	0.0683	1.4872	0.0375	0.0043
SAMD3	0.1926	1.738	1.6354	3.6135	2.649	0.0576	0.148	2.9521	3.5189	3.0291	0.1002
SCAMP5	0.2128	0.1131	0	0	0	3.9375	0.029	0.1249	0	0.0697	0.6478
SCIMP	4.1766	0.2437	0.051	0.0126	0.016	0.0824	4.1747	0.0927	0.2867	0.0401	0.0157
SCML4	0.6583	3.6408	1.3394	2.2724	3.4498	0.1446	0.1747	1.1876	2.862	2.2882	0
SCN9A	0.0036	0.0678	0	0.0028	0.0523	2.2878	0.467	0.005	0	0.0043	0
SCT	0	0	0	0	0	1.7287	0	0	0	0	0
SDC1	0	0	0	0.032	0.0049	0	0.0356	0.0981	0.0903	0	4.3762
SDF2L1	0.4853	0.7236	1.8565	4.9515	1.2684	2.2412	5.443	5.1568	1.004	1.8932	6.5029
SEL1L	1.6896	0.9771	1.9776	1.7853	1.6376	2.3539	3.3536	1.9027	0.8474	1.6647	4.4256
SELM	0.4407	1.3148	0.8487	0.2674	1.6012	0.239	1.4602	0.4917	0.9595	0.1868	4.1356
SERINC5	0.2475	2.6695	1.1489	0.8066	1.4598	0.0566	1.7587	0.8908	1.2039	1.2807	0.0416
SERP2	0.0704	0	0.0706	0.2784	0	0	0	0.1591	0	0.6321	0
SERPINA1	0.114	0.0415	0.1204	0	0.1832	0.1802	9.2545	0.0593	0.1899	0	0.0944
SERPINF1	0.0738	0	0	0.2176	0.1396	10.6843	2.4961	0.2282	0.1339	0	0.0838
SERPINF2	0.025	0	0	0	0.0568	2.5996	0.3932	0.0296	0	0	0.0674
SERPING1	0.0732	0.0837	0	0.1705	0	4.341	2.1695	0.058	0.0955	0.0509	0.0207
SGOL1	0.4489	0	0.2721	3.1181	0.1151	0.7833	1.8633	4.0601	0.2347	0.45	0
SH2D1B	0	0.0402	0	0.1345	0	0	0.0275	0.1863	1.8301	0.3649	0.015
SH2D4A	0	0.4141	0.0262	0.048	0	0	0.5141	0.0738	0	0	0.0054
SIGLEC6	0.451	0	0	0	0	3.4007	0.0758	0	0	0	0.0151
SIGLEC7	0	0.0128	0.0647	0	0	0	4.8347	0	0.3241	0.0893	0
SIGLEC9	0	0	0.0095	0.0229	0.1582	0.1798	5.799	0	0.2021	0.0225	0
SIL1	1.3632	0.4491	0.9832	1.2963	0.5284	1.7042	5.2428	2.4097	1.0445	0.983	4.2071
SIRPA	0.1687	0.0627	0.0126	0.0914	0.0289	0.2017	4.4303	0.0829	0.0099	0.0761	0.0019
SKA1	0.0849	0	0	2.8851	0.0754	0	1.5156	3.6532	0.1173	0.1229	0.0902
SKA3	0.105	0	0.0332	3.2734	0	0.1821	1.7097	3.0984	0	0.0772	0.0702
SKI	0.1405	0.5722	0.3863	0.2163	0.9373	0.2386	0.751	0.3179	0.6234	0.1797	0.0339
SLAMF8	0	0.0859	0.0493	0.4032	0.1064	0.0288	6.9928	0.3076	0.2143	0.4559	0.0115
SLC11A1	0.1469	0.1198	0.1263	0	0.1782	0.1213	6.8586	0.0893	0.1702	0.0948	0.0477
SLC12A3	0.2829	0	0	0	0	4.4433	0	0.0757	0	0.0397	0.1125
SLC17A9	1.8541	0.0859	0	1.4242	0.1561	0	4.5051	1.0835	0.8013	0.4664	4.3532
SLC27A2	0	0.1771	0.7629	2.7869	0.3188	0	0.5178	2.346	0.0606	1.758	0.063
SLC2A14	0.5429	0.7053	0.3543	0.0206	1.234	0.1035	0.215	0.2006	0.7764	0.2054	0.0516
SLC37A2	0.0583	0	0.0805	0	0	0.008	5.85	0	0.0088	0	0.0999
SLC8A1	0.0112	0.0327	0.1135	0	0.0312	0.2515	3.9374	0	0.1841	0.1285	0.003
SLCO2B1	0.1626	0.0934	0.1926	0.0402	0.095	0.0931	6.1202	0.0733	0.2022	0.2083	0.002
SMAD7	0.2183	0.5162	0.5573	0.4524	1.4853	0.0601	1.0385	0.327	1.0714	0.2356	0.1515
SMIM14	6.1667	0.3141	0.2835	0	0.2574	4.8631	2.7348	0.2191	0.6742	0.3272	0.681
SMIM5	0.1524	0.0721	0	0.0441	0.0613	3.8988	0	0.096	0	0	0.0589
SMPD3	0.3862	0.1484	0.3617	0.0892	0.2053	7.258	0.0355	0.1682	0.1651	0.0455	0.0693
SNX29P1	2.345	0.0721	0.1377	0.0303	0	0.8593	0.1068	0.18	0	0.029	0.3176
SORL1	3.0734	4.1825	2.0113	0.3564	3.414	2.5115	2.2953	0.9277	3.5577	0.7636	0.1565
SPAG4	0.1541	0.1844	0.0689	0.5979	0.1726	0.6413	0.9306	0.1779	0.569	0.2194	4.3671
SPATS2	0.817	0.0926	0	0.8503	0.1113	2.0154	1.3469	0.851	0.0867	0.174	2.7456
SPC24	0.1834	0.0165	0	4.7447	0.0817	0.0466	2.6022	5.414	0.1986	0.1603	0.1271
SPC25	0.2847	0	0.0133	3.6257	0	0	1.9597	4.8432	0.1284	0	0.1609
SPIB	5.6131	0.0163	0.1488	0.1079	0	8.9452	0.057	0.3207	0.029	0.008	0.0025
SPOCK2	0.9199	5.2682	7.7796	2.3302	5.1267	0.2819	0.4492	4.6426	3.4667	4.7367	0.091
SPP1	0.1005	0.1681	0.1049	0.3119	0.0959	0.2455	10.9229	0.2442	0.3335	0.1468	0.024
STAB1	0.1303	0.0915	0.051	0.039	0.1046	0.1252	5.2915	0	0.089	0.038	0.0155
STAP1	5.3416	0.1983	0.2473	0.3326	0.02	3.5172	0.0565	0.6161	0.6532	0.0903	1.2412
STAT4	1.0376	4.6142	5.794	3.8838	6.2844	3.7878	0.4552	3.4686	5.7637	4.9901	0.416
STEAP3	0	0	0.0402	0	0	0.0086	5.7232	0.1532	0.0063	0.0207	0
SUSD1	0.2192	0.2012	0.076	0.0376	0	5.8691	0.5309	0.0576	0.267	0.0334	0
SVIL	0.1305	0.9559	0.1678	0.2282	0.9721	0.4164	0.3383	0.3136	0.4988	0.1655	0.0374
SWAP70	6.0676	0.4104	0.4501	0.2874	0.0973	1.0322	3.4971	0.858	0.4708	0.0684	0.3585
SYTL3	0.4083	1.2552	2.7312	2.7188	3.3219	0.5253	0.9216	2.5145	3.2453	3.4762	0.5192
TBC1D4	0.4642	1.8042	4.1722	2.6893	0.7034	1.1277	0.9073	1.5578	0.8462	2.4469	0
TC2N	0.5054	4.8569	1.5495	1.8424	4.7761	0.0095	0.2921	2.8714	4.4401	2.1274	0.027
TCF7	1.0101	5.8855	2.5672	1.552	4.8547	0.4535	0.5702	1.7977	3.2181	2.0449	0.0765
TCL1A	4.693	0	0.2045	0	0.1213	8.1558	0	0.1994	0	0.0225	0.1508
TCTEX1D2	0.3622	0.4519	0.8394	1.2684	0.142	0.3305	0.608	2.9692	0.3198	0.6117	0.0995
TESPA1	1.2252	3.9589	3.7075	3.1132	1.7379	1.0431	1.1047	3.423	1.6826	3.1288	0.1316
TFEB	2.6246	0.0203	0.0626	0.5228	0.2243	0.4032	1.4421	0.5941	0.3129	0.1126	0.3721
TGFBR3	0.0514	1.2284	0.9321	0.6543	1.6264	0.1266	0.1324	0.4903	1.9294	0.4985	0.0031
THBS1	0	0.1073	0	0.3057	1.0162	0.0259	0.5083	0.4351	0.535	0.3383	0.0011
THEMIS	0.0522	2.4756	1.658	3.0293	3.3472	0.0729	0.148	1.8445	1.2237	2.5671	0.0461
TIGIT	0.4951	1.911	6.9816	6.459	2.0499	0.4071	0.2664	4.9178	1.708	6.9563	0.1309
TIMD4	0	0.1378	0.063	2.1715	0.1669	0	0.648	1.8527	0.1027	1.5677	0.0399
TK1	0.6035	0.0217	0.5473	6.7849	0.0737	0.4894	4.8875	7.0559	0.0182	0.4126	0.333
TLR10	4.3063	0.0191	0.1368	0.005	0.0454	1.5132	0.086	0.0623	0	0	0.1456
TLR2	0.0825	0.0065	0.0148	0	0.1877	0.0158	5.7209	0.1176	0.0554	0.0703	0.0143
TLR4	0.0987	0	0.0808	0	0.095	0.0236	3.7612	0	0.1106	0	0.0014
TLR7	0.6899	0.0045	0.0055	0	0	5.0404	1.0832	0.05	0.1834	0.0598	0.3612
TLR9	1.5211	0.0161	0.2036	0.0258	0.0683	5.1375	0.1216	0.2794	0.132	0.327	0.5574
TMEM63A	1.85	3.2397	1.2936	0.6259	1.4718	2.7735	2.678	0.7181	1.2988	1.0629	0.9125
TMEM71	0.0501	1.1838	0.4403	0.7032	1.4859	0.0267	1.9748	0.4127	1.5001	0.3422	0.0446
TNFRSF17	1.3148	0	0	0.0261	0.052	1.8984	0	0.1285	0	0	5.0967
TNFRSF18	0.0888	1.2381	7.6615	2.2761	0.5007	0.1608	0.5785	3.8179	2.3774	3.3659	0.8585
TNFRSF21	0.0566	0	0.0597	0	0.0043	5.7528	1.9656	0.1774	0	0.004	0
TNFRSF25	0.5854	4.6283	4.2693	1.0888	2.2076	0.0546	0.4388	2.2031	2.5696	2.093	0.005
TNFRSF4	0	1.2424	6.1948	0.57	0.2414	0.5991	0.4564	2.6211	1.0254	1.4875	0.3169
TNFRSF8	0.0212	0	1.4165	0.5223	0	0.0213	0.1378	1.2108	0.0918	0.2721	0
TNFRSF9	0	0.2091	2.7364	5.6878	0.4272	0.0097	0.9141	3.2281	0.5479	3.6963	0.0817
TNIK	0.7045	1.9848	3.1987	1.2023	1.6025	0.0074	0.6953	1.7703	1.5083	1.3414	0.1244
TOP2A	0.6163	0.0755	0.645	5.9505	0.0936	0.0891	2.4792	6.2765	0.2901	0.7369	0.1705
TOX2	0.1289	0.4234	1.6757	1.1882	0	1.1895	0.1043	1.9178	0.4076	1.7985	0.0326
TPD52	5.3713	1.0164	0.9167	1.6564	1.3915	1.8712	2.325	1.633	1.3566	0.7836	5.2357
TPM2	0	0.2049	0.0273	0.0788	0.0183	4.8794	0.4185	0.2665	0	0.1389	0
TPX2	0.5564	0.0208	0.4693	4.7258	0.0405	0.2211	2.4635	5.2369	0.106	0.9262	0.1047
TRABD2A	0.1672	1.6384	0.6523	0.6633	1.1999	0.4875	0.3585	0.857	0.4925	0.393	0
TRAM2	0.4183	0.2316	0.2317	0.2649	0.1867	0.2269	0.7688	0.3255	0.3096	0.0114	2.6811
TRAT1	0.3747	3.5216	2.4158	3.6336	2.7743	0.0102	0.2248	3.792	1.372	3.8139	0.0624
TRAV41	0	0.3636	0.2298	0.1055	0.2698	0	0	0.1876	0	0.9515	0
TRAV8-2	0.1134	1.24	0.4533	0.6429	0.6443	0.0201	0.0211	0.6775	0.1213	0.4765	0
TRDC	0.079	0.8737	0.1132	1.4213	0.3427	0.1039	0.0592	3.8081	4.9495	4.1873	0.0541
TRDV1	0	0.8447	0	1.1192	0.1809	0	0	3.4738	0.4829	3.097	0
TRDV2	0	0.1301	0	0.0361	0.2795	0	0	0.1154	1.574	0.2448	0
TREM1	0.0514	0	0.1196	0	0.1353	0	7.2806	0.1642	0.0432	0	0.0584
TRGC1	0.0567	1.1659	0.1345	1.6675	1.8268	0	0.0136	2.1774	2.6079	2.5034	0.0088
TRGC2	0.1283	1.6405	0.6218	3.1639	3.3512	0.0304	0.0888	4.0395	3.1139	4.6457	0.1336
TRGV9	0.1582	0.2011	0.1229	0.7637	0.5251	0.0675	0.0592	0.5646	1.6415	0.5506	0.0267
TRIB1	0.8964	0.0288	0.4789	0.9491	0.2885	1.3981	1.9017	1.6982	0.5967	0.7555	2.4961
TRIM16	0.3116	0.3135	1.274	0.2956	0.1801	0.0742	1.68	0.4969	0.1268	0.1642	0.21
TRIM16L	0.1536	0.0757	0.4973	0.1444	0.1226	0.0721	0.322	0.0857	0.0519	0.0501	0.0388
TSHZ2	0.1852	0.6727	1.2046	0.5055	0.0887	0.0012	0.0641	0.9444	0.2011	0.5165	0.0661
TSPAN13	2.0637	0	0.7826	0.2935	0.0218	8.8363	0.1057	0.3977	0	0.2046	1.4368
TTYH2	0.0203	0.2376	0	0	0.1473	2.8273	1.2647	0.0924	0.1367	0	0.0167
TXNDC11	0.4618	0.4212	2.4035	1.7133	0.3286	1.1795	1.9911	2.4594	0.9642	1.6918	4.5344
TXNDC5	1.2632	0.0246	0.3341	0.9511	0.1654	3.1775	1.733	0.8899	0.2352	0.3195	6.2661
TYMS	0.2607	0.1035	0.6631	7.7116	0.1482	0.3104	4.323	8.0816	0.5256	0.9281	0.3655
UBE2C	0.4782	0	0.0798	6.535	0	0.07	2.9392	7.1802	0.0946	0.2954	0.1806
UBE2T	0.4495	0.1925	0.4754	6.3507	0.6006	0.2546	3.1753	7.0324	0.1361	0.8609	0.4918
UHRF1	0.2131	0.1223	0.1883	4.5235	0.1427	0.3511	2.8721	4.6231	0.1885	0.2197	0.0078
USP6NL	2.3253	0.2324	0.051	0	0.1819	0.3174	1.488	0.0919	0.1304	0.09	0.7401
VCAM1	0.0332	0.0133	0.0918	3.957	0.4181	0.0363	0.4161	2.3247	0.3908	2.6064	0.0544
VCAN	0	0.0798	0.026	0	0.0223	0.0145	5.1027	0	0.0172	0.0058	0.0617
VPREB3	5.4465	0	0	0	0	0	0.1032	0.3401	0	0	0.9954
VSIG4	0.0923	0.0165	0	0.0634	0.098	0.1149	8.1252	0	0.1844	0.111	0.0184
XBP1	1.2373	1.6777	1.1568	1.6499	1.7219	3.9958	3.5341	2.1494	2.4613	1.3299	7.7949
XCL1	0	0.4892	0.3183	3.6392	1.6432	0.0886	0	0.8321	2.1501	1.7738	0
XCL2	0	0.3369	0.167	4.6764	2.2265	0.0465	0.0824	1.4966	2.3508	1.6192	0
ZBP1	0.8432	0.9355	1.7089	0.825	0.8375	0.0352	0.1006	1.1233	1.8075	1.875	4.3536
ZBTB16	0.1066	0.1823	0.5037	0	0.1775	0	0.2262	0.0738	1.0105	0.2373	0.0072
ZBTB32	0.5331	0.1358	1.3955	1.3557	0.3163	0	0.0515	2.1614	0.2291	2.0755	0.4699
ZBTB4	0.4805	0.4408	0.3234	0.4635	1.0941	0.6876	0.7787	0.4587	0.5435	0.5148	0.2112
ZBTB7B	0.2497	0.6519	1.1612	0.0386	0.2297	0.027	0.9954	0.4034	0.4468	0.3753	0.1824
ZFAT	0.9824	0.1496	0.4515	0.53	0.3425	7.2276	0.5264	0.5434	0.4135	0.2688	1.1909
ZNF683	0.0142	0.3737	0.1154	0.9267	2.2339	0	0	0.4878	1.3882	0.6674	0
ZNRF1	0.1692	0.3198	1.4819	0.477	0.1647	0	0.0415	1.1531	0.3547	0.3595	0.0591
ZSWIM4	0.1693	0.3071	0.3797	0.148	0.3098	0.2243	0.7895	0.1552	0.659	0.19	0.0531
ZWINT	0.2468	0.1297	0.3164	6.5307	0.1689	0	4.2887	6.6023	0.0965	0.3022	0.342
