geneSymbol	B.cells	CD4.T.mem.cells	CD4.T.reg.cells	CD8_B.cells	CD8_G.cells	Dendritic.cells	Monocytes.Macrophages	NK1.cells	NK2.cells	NK3.cells	Plasma.cells
A2M	261.424239255464	2583.03347262322	616.559048930519	861.418171306801	2617.03252488959	336.900277649572	5581.49662497278	1468.15251211192	3731.40273040165	2087.47704900446	5.60475911305808
ABCB1	661.054759663983	854.728103148206	173.401846022953	1714.33757624626	2629.89838311251	197.502352834067	97.4806248437487	1063.97067734712	1390.18555612764	2345.03993380742	122.856319758233
ABLIM1	5982.43229112203	10075.2267775401	3522.50509475652	3145.69770937262	7260.63265713502	0	136.493036234163	2711.82897173726	6419.18227400019	5533.05498250854	663.155098257032
ACVR2A	590.295932238837	1730.16701522105	1026.62166492317	51.3073673287485	908.212628190733	528.473607216438	2185.09826692151	121.920898637193	1246.05009803648	220.724147838321	679.296804502639
ADAM28	10878.5597267245	482.864365377764	389.206131530644	60.8553641118081	479.155750180902	1053.65331261777	2697.8040145485	534.4320859989	830.137768382004	788.102351883615	5288.6506990816
ADAP2	431.175711945345	0	48.2629392509213	5.35107512017623	29.6304613618784	378.008172302159	4834.61560173872	0	139.824514611193	0	142.360881471675
ADRB2	831.851929310886	865.897977624414	245.968622539517	340.790039026125	2325.01653067844	1350.23623205038	2183.08212163001	341.919924102939	3138.36685341799	212.554888176708	1517.32038708708
AFAP1L2	1074.27934051379	93.5476987382463	662.92594413944	2698.30586010926	678.771489881977	0	92.5410688795878	1580.18230454029	223.794196307996	3665.22312251917	124.649842674412
AFF3	6333.61218585521	1630.80167352644	1294.65334540596	193.163319534205	0	4603.29366465418	16.3307768611037	392.10427349929	596.22222651234	921.122561090649	37.2156005107056
AGPAT4	506.465892850919	695.790097580489	245.968622539517	344.56726852272	810.938942535619	904.900706647344	1441.54388341841	568.165964016364	1562.62329532643	201.148752045398	511.826602204464
AHNAK2	332.35734950678	0	0	0	0	2082.27297144069	526.213921080009	43.2085165964433	0	0	0
AIM1	2349.68106242811	4856.10292853165	3454.93697980523	2079.78453004183	4283.35610200364	896.46831800066	3120.69048943943	2662.78990832298	2902.38955597095	3613.89550992827	478.64642825516
AKAP5	406.427550629161	224.561018115442	721.186206520909	1442.481975533	180.122015120892	0	83.5692223324382	926.640476405651	335.878726787209	1019.92436190375	119.493464290398
ALDH3B1	125.309352016452	161.963179905023	0	39.9756788389636	46.7849389924396	466.416497019743	4544.29067976355	97.1410746614014	265.591604831181	157.682125166622	3.13866510331252
ANK3	907.4906758688	4266.19393275689	858.563215745853	119.192575225886	2696.37198393093	216.87049550692	108.367809417818	150.761282003976	2623.49025604943	733.691999797772	0
ANKRD28	1599.21921293876	1874.44456053874	1758.49466513535	2033.40854566697	1855.99751727924	1015.83931978029	2527.84296647554	1097.70455536458	2482.1662828365	1714.61970709042	9345.15115474852
ANKRD36BP2	571.299104186273	568.034658258854	365.419397185547	111.32334710798	184.995446265938	157.843774980128	28.5284558746442	197.509773454103	330.630621681159	132.557798282791	8582.90391537262
ANPEP	71.9788072083377	59.1072524366034	0	0	0	111.729149568571	6189.16281582916	0	0	6.9361638636344	63.4458731598175
ANXA1	286.520966223988	15489.1253127274	3085.38075925532	5989.32198205921	15791.8662824064	1419.40817016771	9137.9769191687	3954.77661301037	11868.9645619828	6467.89573435171	502.410606894526
AOAH	216.459270103524	2532.07092032552	847.18695149385	1939.7122695431	7666.88187738603	171.809918676199	5135.52528649425	1526.45798029025	7083.62986689119	4393.98273912502	415.648935824387
AP3M2	778.347101676601	3269.51534147353	2017.73559596887	1518.55118067276	2624.05026573845	249.677757585428	1798.70402180663	2431.96272448126	1389.24839450156	1415.28570213091	368.793149639222
APBA2	103.872564397504	1079.5218269819	0	170.290096471491	2599.87804725903	0	22.8832490584602	93.9134505301008	1594.48679061316	322.454551171626	54.0298778498799
APP	472.829307400049	1677.34281717731	325.602472303537	312.250971718519	450.694912293834	8857.03846868876	4249.73185267623	567.228911849212	645.704360369384	57.6472285555393	237.193405664618
AQP3	269.441249259298	6009.15976248193	4691.33006282973	383.493716945963	2865.57751328692	1434.82363066243	2751.13105750853	991.192959031663	1340.7034222706	1197.02774588855	6373.05949227608
AQP9	0	0	9.99732313054798	0	204.099296354518	0	3512.3267123122	0	146.384645993756	0	36.767219781661
ARHGAP24	8651.39949109415	75.8620641509162	566.400065637597	73.2362830173139	290.261558998927	3064.77800485205	965.834401890338	296.733186264731	609.529921602681	244.923652873668	194.148855676332
ARHGAP26	873.85409041793	1659.88988830824	1956.71745134449	1843.4978404215	5113.78876911945	740.337371964389	2809.29684916814	1316.14182721841	2701.64953566453	2400.220970767	953.481620313441
ARHGEF10L	0	0	0	42.2839857535494	0	0	4784.91762030339	0	19.492961822472	0	41.0268367075851
ASF1B	258.287148384398	194.541980460632	708.948104067997	5951.65461013483	40.7418843725828	78.1313510544373	2835.60754522214	6152.99688024098	226.605681186237	382.413834348377	729.067065426595
ASPM	339.328662553592	0	282.682929898253	3228.69183525614	2.92405868702747	49.8037954444811	1120.87597480625	3872.31602230101	379.175593912123	405.226106610997	287.860428046663
ATXN7	1881.20882568232	7298.8148530475	3346.0006312103	1710.4554237081	5192.93329091499	817.941698728409	1171.07799256446	1820.06765933114	4499.50039913714	4089.56221399884	540.298778498799
AURKB	687.54574924187	0	0	5716.20730484708	0	0	2641.35194638666	6433.80017966414	140.94910856249	781.012051045234	463.17729310312
AUTS2	1856.6349471923	1560.98995805014	139.617788547308	104.083657239506	2619.76164633081	1302.67228984017	226.917152557682	118.068573061125	2004.58871818594	128.858510888852	0
B3GNT7	1557.91418313639	0	0	39.6609097142473	764.543878034783	604.233348963995	2114.93641077751	175.332872164845	3160.10900314305	787.794077934121	100.437283306001
BANK1	11022.1687754889	0	16.8920287378224	0	198.446116226264	812.671455824231	296.272550585085	278.616844366463	302.89063754918	13.4099168030265	964.01856744599
BATF	1619.26173794834	5372.01150590153	13876.629240481	6454.44582534825	3147.06689622477	411.737726888898	2705.06213759788	6754.89672227481	3938.70288209064	7165.82795600807	748.571627140037
BCL11A	12213.0433267106	80.7488842342574	374.03777919464	8.07907420105038	32.5545200489059	12558.8570845833	1337.00675005444	360.973318168359	272.526600864176	0	296.155471533989
BHLHE40-AS1	0	783.287447644122	3452.86856812305	827.947721045306	301.957793747037	361.538663226603	423.995354801248	1708.97491906993	1007.07388338598	1994.68659020651	8.51923385184828
BIRC5	814.249363867685	0	306.46966424335	5622.09133655692	0	9.7499493727291	2961.21339688223	6064.39339199141	119.769255813073	535.163576323081	751.037721149783
BLK	6386.24559935864	230.611366790055	54.812909577832	27.4898368918857	121.250966888739	1026.77507380646	0	185.223978373669	71.0368512568931	211.167655403981	478.422237890638
BLNK	10804.8380912545	0	290.267106066255	90.1288927104192	179.537203383487	8931.21713756507	2664.63842450342	368.573852413034	480.389049528804	0	8133.62642486989
BTK	7258.53114434104	194.076569024123	102.041642987662	127.271649426937	179.732140629289	5978.95881871721	5568.59329510722	348.271055458079	305.702122427421	38.3801067121104	3782.76402058516
BTLA	3445.22290773467	2967.69602489765	4458.11664566367	1826.60523072839	1314.85172293335	3473.35358599844	65.7263365027137	2113.36498764965	981.77051948181	2585.18534046392	837.126821126355
C15orf48	0	154.982008357393	34.3011603961905	75.7544360150439	0	0	6401.16049322979	190.013356116889	357.620876512274	357.443644439293	26.2302726491118
C1orf186	1924.95381505107	120.308856337496	0	8.39384332576663	57.5064875115403	6865.41367519994	12.701715336414	120.255028117812	19.8678264729041	57.0306806565495	3021.18935230283
C1orf21	0	70.9752440675749	290.611841346619	1155.83222595807	1026.73447363825	1110.04491169247	1877.43449543948	1094.6851650482	2421.43820946649	411.545722575641	42.1477885301968
C5AR1	466.380842831747	0	134.791494622216	118.772883059598	172.519462534621	0	3782.69179590158	0	0	93.8694176211856	11.6578989551608
CADM1	0	390.480195230789	2085.13134327998	3069.838350316	370.575704269282	0	1298.29676045775	3537.47604790544	507.754169010352	4651.69976090272	5278.33794231358
CAMK4	1339.537801945	8044.40397433442	3624.89147302455	3176.9647757611	7419.50651246351	170.492357950155	150.10201695175	3108.93085679469	4173.93045023681	3783.60031912519	885.551939863177
CASC5	1942.03353201576	551.977963699304	247.002828380608	3900.19930131747	45.0305037802231	200.796254649178	1838.01885499077	4570.94047136639	261.655526001643	451.621336009973	428.651976966682
CBFA2T3	1543.62299139043	0	0	0	20.6633480549941	4479.96998069642	227.824417938854	74.6518226497586	72.7237421838378	0	1089.11679084945
CCDC109B	2205.72344801143	6107.12886986701	3113.64905224515	2399.48503771196	5145.95341467675	1839.31477355808	4267.77635303511	4093.14798302645	3762.70392871274	2648.68977405986	474.386811329236
CCL3	362.682561260413	307.869665250497	990.079725204613	4689.85011218896	1588.15374154752	768.533171501741	8796.24029226042	2438.52208965132	2003.08925958421	5843.64098662461	183.163527814738
CCL4	200.599532922026	56.5474895358056	1771.76697342936	6165.48776885874	7516.39032362702	1553.79936422425	6336.24061484367	3610.14964931343	7368.33956889441	8943.95209669444	228.67417181277
CCL5	694.865627941023	6823.39707065388	2702.20749513105	9312.96916993808	17146.8750779749	343.35632520719	5041.77453043976	6019.62312178305	14217.8664615907	12297.8185302238	625.715307381804
CCNA2	354.83983408275	129.384379349415	304.056517280804	6555.80148350688	217.939840806448	280.245166429659	2650.82782925669	6369.14358013066	411.976250824937	1591.00185334298	598.588273274603
CCNB2	893.199484122835	0	399.548189941555	5565.53781714957	0	33.3342863689252	3509.10087984581	5585.35150076193	0	720.590356944241	320.816411631445
CCR4	103.698281571334	5824.39142218798	5076.39937099601	359.571263467528	1113.28661077426	5.66551112199123	87.3998983862773	1307.70835771404	798.649137745703	388.425176363527	11.2095182261162
CCR5	470.912196312175	2197.90550891228	5299.61546503152	2867.6516492066	2188.95033310877	1561.04594821749	3605.17020298551	3116.53139103937	2398.57146579013	5777.67036143271	85.6407192475274
CCR7	5833.59475757259	10423.5872377668	3848.45230234042	1332.41770492388	8020.10816677895	1788.85219775058	90.323309058944	2053.70599967432	4691.05623550797	1243.57711226227	0
CCR8	0	863.338214723617	6390.7026273827	0	186.944818723956	19.7634108906671	237.804337131751	698.103864528078	161.94152898669	527.610864560457	23.3157979103216
CCSER2	1302.41555997072	5370.84797731026	4337.45929753637	3667.0603029443	3726.61532799361	457.984108373059	1433.58010951701	2674.65923577357	4164.74626630122	4154.76215431701	340.769354073931
CD14	112.063857227509	41.8870292857819	191.500448242048	165.148867434459	299.03373506001	116.999392472749	11043.0326051017	176.061690517074	710.743377219363	26.3574226818107	208.048658276716
CD163	183.345533131165	428.643933024502	100.317966585843	84.2532023823826	216.380342840033	213.181325473996	8298.55482705506	79.3370834855176	386.672886920766	157.990399116117	98.1953796607775
CD19	14444.5606329952	56.78019525406	19.994646261096	37.5624488828057	21.2481597923996	0	55.3431882515182	405.847705284183	0	0	5729.40895573249
CD200R1	1107.56736031231	2806.8963735839	2235.60829315875	1536.38809774001	2153.27681712703	363.646760388275	310.687989419269	1890.24245496007	1194.13134395162	3867.75910733729	86.3132903410944
CD22	14443.8635016905	57.7110181270773	47.5734686901938	0	36.8431394565461	184.85376986404	285.586980540166	222.70606505974	113.958853731375	0	534.469829021219
CD27	4209.45310049148	8544.48856286301	12283.43514228	7362.03013494677	6984.01670534222	200.26923035876	292.845103589545	6349.25725080555	3468.24774579828	11231.9613498453	9647.80814685365
CD28	359.022621910837	10759.1488834896	9589.15655859733	4043.31433002179	5854.1604286748	45.7193571937432	699.400801619368	4675.89031408739	2983.73518511472	6283.85618650327	4.48380729044646
CD300A	323.294642545924	1424.15899571659	199.429359690414	654.614856368225	1733.38198966989	7250.93194364055	5406.7976354648	815.339502329512	5313.14412290013	1321.26214753498	602.623699836005
CD300C	0	70.2771269128119	0	0	23.5874067420216	297.636968013446	4658.40450326212	13.3269641550476	173.187468499655	174.945466338334	66.1361575340853
CD300E	0	32.5788005556082	19.1328080601866	10.5972271987804	0	0	2059.99645158429	0	9.74648091123599	0	67.257109356697
CD33	0	19.5472803333649	23.4419990647332	0	0	540.199897678234	6473.13688013613	104.325141276232	196.054212176016	85.8542949343192	44.38969217542
CD36	89.7556554777092	0	9.30785256982053	0	89.8660703146443	6325.87255788472	1793.96608037162	3.01939031637796	96.7150798114956	0	68.3780611793086
CD38	4949.10941475827	1469.07119933967	5890.49173557494	5860.68633309183	1146.42594256057	5982.91150089535	1873.30139759192	5887.18641549226	2984.67234674081	8604.5424783006	13966.6113290117
CD4	679.877304890376	10384.0272656636	12083.488679669	18.1516861919703	125.539586296379	11872.803214532	7861.65614238824	3417.74160432493	3952.57287415663	3881.93970901405	74.8795817504559
CD40	11433.4762452508	392.574546695078	982.495549036611	53.4058281601902	210.922099957582	3004.96074788963	5711.13476721587	557.233688732926	724.800801610568	135.794674752487	3311.74006472376
CD40LG	701.488375335495	6956.97015293187	3301.87451532374	132.517801505541	735.49822841031	61.6618419788813	8.56861748885072	907.691199247693	1053.55710003957	1405.11266179758	17.7110387972635
CD5	75.4644637317439	10611.3807523981	9411.79025685019	3018.7408290704	7916.98636374978	1053.25804439995	238.913217042073	4277.22667541804	4537.17429650557	5085.28707086725	20.6255135360537
CD79A	16267.907560389	282.039330524265	1962.23321583031	387.270946442558	448.550602590014	846.269254338365	0	840.327560120226	765.473616182457	1736.04474658032	15189.3455771164
CD79B	16477.9183659242	2985.38165948498	4191.63627394251	1730.18095552365	387.535244654041	109.489296334296	288.510391212832	2533.89317688588	2201.39265966282	3416.60018225156	8769.20610829067
CD8A	0	1997.54588549529	1041.10054669844	9608.64230108821	17894.2644783791	96.5772012190599	123.892128162324	1056.4742600099	2249.0004702677	4814.31426926127	269.925198884877
CD8B	0	1620.79532764151	1344.98469633907	6780.02202334643	12236.6007934726	17.5235576563915	114.013016234002	1030.02856551473	1161.89298401446	4943.63519107436	138.101264545751
CD8BP	0	243.17747557579	480.043877906485	1979.37317925734	2901.64090376026	0	31.2502520181614	373.987931601022	292.39442733708	1721.09346002982	0
CDC20	552.47655895988	0	0	4529.63262770839	286.752688574494	0	3225.42923733256	5017.28965365303	158.942611783233	774.384161131094	508.239556372107
CDCA2	408.693227369375	0	15.5130876163675	2595.06158720233	0	0	1508.47990709602	3081.4439932249	71.4117159073252	352.665398222122	225.311316344935
CDCA3	440.935550210882	148.233542528017	126.345480253305	3847.94762661457	183.241011053722	71.9388156420282	2220.38080952266	5098.60495838031	221.545008405403	275.442773873659	677.054900857416
CDCA5	285.823834919307	0	0	5501.74460787374	46.0051900092322	92.6245190409265	2543.97212880749	5880.31469959982	284.897134328437	227.660311701956	342.114496261065
CDCA8	627.243891386943	0	0	4397.95421053543	0	149.01611811563	1932.17284010355	5109.01664912644	265.216740180749	299.488141934259	314.539081424819
CDK1	903.133605214542	247.831589940876	281.993459337526	6837.83461925264	268.428587469122	217.265763724734	3851.34154307696	7166.47085746937	271.964303888527	619.630638484673	640.511871440277
CENPF	426.121509986406	330.442119921169	587.084182459421	4208.98781266411	572.725628165781	210.677960094511	1961.81017588852	4715.24650510777	919.355555184856	1220.9189769744	327.317932202592
CENPM	1885.39161351041	788.406973445718	1651.10962530205	6612.56484899738	470.773448611423	0	3407.28554262534	7023.62246043245	633.333826905123	1590.38530544399	2035.64850986269
CHAF1A	553.870821569243	0	230.972637843695	1936.24980917122	380.907378296779	5787.64900129556	985.391011217832	1844.43101567709	370.178842301751	866.712209004805	305.795657208449
CHMP7	6873.54038133082	5511.40223113588	5629.69949597978	3268.77243713667	4814.75503405944	2102.43165054917	2809.70007822644	3969.87356459226	2222.94737706267	4256.03014672607	2592.31318497162
CHPF	0	193.145746151106	1571.64814317821	1213.959590989	153.22067520024	1277.77039211793	407.362156146421	800.971369099851	472.142027219297	913.107438403782	5833.20909450633
CHRM3-AS2	654.954860748022	4004.1672940025	2172.52173685218	371.217721082029	1092.23338822766	11.5945343891914	0	374.196165415945	1076.98614069158	900.930617398735	25.1093208265002
CHST12	1037.50566419185	1242.88124119645	2267.84104187275	3319.45026621599	2900.08140579385	5530.32939149907	684.48132646231	2631.13836845474	4790.39536787249	5235.10821032175	6199.08776940676
CKAP2L	247.655895988009	0	9.99732313054798	3539.36896135107	163.357411981935	98.685298380731	1898.60402100017	3371.72193122703	104.962102121003	325.537290666575	201.771328070091
CKS1B	1666.14381818816	620.626150584336	1245.52856795413	7073.49177062354	772.73124235846	2282.01517750903	5041.47210864604	7443.63006513137	1174.26351747872	1295.9836836764	2115.68446999716
CLEC10A	0	0	0	9.02338157519913	41.5216333557901	326.359791841216	1629.24701005653	0	37.6738973684314	16.80093024747	9.86437603898222
CLEC17A	6249.95642929346	61.2016039008925	0	57.7076728646456	27.2912144122564	0	41.8350147985064	130.250251234098	16.1191799685826	0	1151.21752182213
CLEC4E	0	21.8743375159083	54.1234390171046	0	0	69.8307184803571	3920.79774836894	63.1989628290146	0	54.8727630100855	186.078002553528
CLEC5A	0	0	0	0	121.445904134541	72.0705717146327	7395.22092920104	0	111.897098153998	0	51.7879742046567
CLIC3	272.752622956534	394.901603877622	169.43739029877	730.054523258553	1120.10941437732	10968.9565564654	108.972653005266	383.879037809847	2458.92467450971	2221.26794308523	825.020541442149
CLIC4	4638.88598417512	0	599.667020192697	248.142993317976	0	1446.94518934204	4597.1136864007	793.058484132792	126.329387195636	222.419654560543	6816.05965257219
CLSTN3	990.623583952038	3295.34567619977	3986.69114976628	1972.55318155516	3345.90288694264	438.74772177281	396.777393366076	1784.14732625699	3117.18700066857	2549.73383627201	1197.84911764277
CNR2	5121.99797831922	703.003974846373	240.797593334061	131.99318629768	237.043690895027	1842.21340715538	0	238.323601178937	433.156103574353	404.763695686754	0
COBLL1	5597.61581093799	291.347559254439	0	12.0661497807895	91.8154427726626	3389.2932116768	135.081734530117	125.356756583416	40.1105175962404	5.08652016666523	5604.9833034226
COL19A1	2400.04879919133	0	331.980074990266	73.2362830173139	0	81.0299846517351	0	106.719830147842	82.8450877455059	303.187429328197	111.198420803072
CORO1B	1762.52222106034	4470.0441419477	8428.08813433231	1397.26014461543	2633.60219078274	3584.16044305878	5721.01387914419	3472.61121455704	1464.22132458799	2896.23375550423	1870.64440157426
CPNE5	7410.68005158772	357.203277520418	468.150510733936	6.19045945275289	69.5925967512539	11.0675100987736	43.9519673545754	411.678252102016	70.4745542812448	152.903878949452	7144.05015586835
CPVL	191.88539161351	212.69302648447	32.5774839943719	37.3526027996615	98.4433091299249	1448.92153043111	5565.16584811168	179.393431555836	595.472497211476	162.922782308035	153.346209333269
CR2	7101.67660078776	99.5980474128593	314.398575691716	31.4769124716249	243.866494498091	0	0	110.884506446294	125.767090219987	0	413.182841814642
CRELD2	1441.14468960229	1424.85711287135	2827.00166662271	2858.73319067297	1078.58778102153	1685.02841253828	3303.45406011339	3132.56539478841	1071.55060326031	3219.92140247384	12337.6441403925
CRTAM	40.7821813238524	958.747559207898	748.592661309825	5048.47706828234	3475.34121815505	0	864.825522786474	2630.51366700997	3436.38425051155	6390.05656210425	252.662540816658
CSF2RB	2191.2579734393	241.315829829755	1281.20866947178	9.33815069991538	269.793148189735	9757.59122494016	3976.84658747248	336.818195637335	36.1744387667028	84.4670621615923	3954.04545908021
CSGALNACT1	294.537976227823	3227.86101790601	1646.80043429751	661.120084945694	862.207438181501	1121.50769000906	220.868716683199	497.366466942674	1960.72955408538	770.068325838166	1617.08509929952
CST7	197.28815922479	4557.77419772958	9051.02478594956	7886.2256506409	12136.792923622	92.6245190409265	700.207259735966	5926.33437269771	11504.9709864132	11748.6284891987	359.377154329284
CSTA	0	67.9500697302685	0	0	88.1116351024278	79.5806678530862	5773.33284945846	0	34.4875478397581	28.0529294040325	154.467161155881
CTLA4	344.731430164872	4075.14253807007	12860.5220016089	3703.57352141138	2359.32548593957	23.0573127057783	377.62401309688	3415.1386816384	2992.7319367251	9183.94336637619	128.461078871291
CTSW	202.86520966224	4382.77949760232	913.720860604049	7419.21319260356	10741.6270554183	613.192761901098	693.654787538609	3789.64719777673	11080.2493374736	7935.27973394725	753.952195888573
CX3CR1	100.038342221757	20.4781032063823	1170.7210121152	330.402657910489	1301.59599021883	711.351035991411	1775.92158001274	79.5453173004402	2267.93113511453	366.229451999896	36.094648688094
CXCL13	283.035309700582	262.259344472646	4161.2995692705	4839.15560034604	1471.19139406642	19.8951669632715	33.871240897104	2572.83290027641	1027.50400683453	7213.61041817978	337.854879335141
CXCL2	0	39.3272663849841	180.468919270409	0	0	378.271684447368	5800.34919636449	41.9591137069076	244.224319756548	96.0273352676496	19.2803713489198
CXCR5	9778.83509358988	2312.16401657516	2210.44261769219	341.104808150842	1994.59789904434	7.5100961384535	240.324518746119	888.637805182273	1375.753267086	1617.97582392378	899.451742463561
CXCR6	345.777127121893	2485.06436523814	7982.34541682201	3046.23066596228	2194.01870149961	88.1448125723753	378.128049419753	3991.32164752928	1188.69580652036	5723.87655724586	276.202529091502
DERL3	882.916797378786	0	231.317373124058	887.858777782966	0	8132.3800693643	573.190106371826	833.039376597934	92.2167040063097	0	16841.1801829169
DGKA	7060.19728815923	15006.4936530679	10763.4972911564	4785.01531089484	7410.73433640243	2274.24156922537	2198.30401858079	5714.56058292141	6117.41623040231	9027.18606305805	2785.11689846082
DGKH	167.660078775837	904.75983257289	1997.56858206759	1754.31325508523	661.617012251416	0	426.011500092743	1351.64569266271	803.897242851753	2400.220970767	14.572373693951
DHFR	788.629788420649	514.2796373421	450.91374671575	4658.37319971734	513.464705442024	354.555591378568	2631.57364172292	4829.56686950029	571.106294933386	396.132025100898	404.439417598271
DHFRP1	131.060685280073	0	113.935010160211	3660.97476653312	0	24.9018977222405	1916.04367777159	3914.69160363776	146.384645993756	96.0273352676496	168.591154120787
DHRS3	475.269266966433	6143.43096191468	1157.10396854084	621.459175231447	2638.67055917359	0	4990.06040371293	873.957321230229	4526.86551861868	809.835665323003	29.144747387902
DLGAP5	0	0	0	3554.26803325431	0	0	1462.81421624368	4283.89015749556	150.320724823293	340.488577217075	307.140799395583
DNASE1L3	557.356478092649	0	88.2522317731132	48.8941373725906	0	8933.72050294455	7.35893031395415	60.3878063275593	126.516819520852	38.8425176363527	0
DPP4	310.571996235491	2502.98270554372	246.31335781988	755.970514526857	2160.0996207301	2947.9103684519	623.291316865459	586.074072099709	1810.03396461165	411.391585600894	0
DTHD1	0	711.614086421784	2209.92551477165	1286.04172054902	1228.49452304314	18.4458501646226	24.2945507625061	1829.12583028028	1941.04915993769	5588.69843039236	43.717121081853
DTL	228.484785109275	0	543.302801853228	4055.48540284415	163.162474736133	56.6551112199123	2168.7674900604	4308.14939693405	214.98487702284	502.332400701878	290.999093149975
DUSP16	483.460559796438	2380.34679202369	4879.55552590832	876.527089293181	1919.54705941063	301.062625901162	170.666698924991	1441.81093452421	1094.22991461146	1447.50032985313	207.151896818627
EBF1	7377.74059744153	122.635913520039	162.197949411132	0	124.759837313172	0	22.2784054710119	162.734726362026	59.4160470934963	58.7261873787713	478.422237890638
EGLN3	100.735473526439	847.746931600576	95.8364079411151	108.490424985534	0	7739.61521693045	2271.99412898491	183.662224761749	152.944777376319	24.1995050353467	86.0890999765721
EOMES	0	1039.49644344215	284.578973940254	3028.81344106132	1563.00683683908	74.1786688763038	48.689908789587	2297.13132931886	1446.04038904203	2827.64280174162	0
EPHX2	99.5154937432465	2526.95139452392	3931.3611372679	344.986960689009	606.644708935299	0	176.311905741175	470.400187910195	1160.95582238838	1235.09957865117	439.188924099231
ESCO2	128.969291366029	27.4592747540126	118.933671725485	3702.10459882937	0	0	1900.31774449794	3575.06225149897	275.338085742417	177.411657934293	222.845222335189
ESPN	187.354038133082	3966.46896764529	2239.05564596238	241.008226491074	1571.97395014597	24.9018977222405	66.6336018838862	304.229603601945	1515.95264634763	937.152806464381	0
ETV1	0	32.1133891190995	582.257888534329	1354.66138973716	563.758514858897	0	380.043387446673	498.095285294903	601.845196268822	2309.58842961551	0
ETV7	749.93900101084	688.110808878095	4447.42985197239	1386.55799437508	280.709633954637	0	450.306050855249	1769.25860849003	679.254746583062	1769.18419615101	894.967935173114
F2R	0	1495.13423978416	1836.40483849755	3284.19612424777	3489.57163709859	0	119.053379462738	2917.98044851065	1613.23002313477	4370.70805593816	959.758950520066
F5	4.53135348042804	1445.80062751424	5476.98176677865	608.133948951792	30.2152730992839	0	1605.75891741062	924.037553719118	153.132209701535	841.587882120974	5.38056874853576
FAAH2	330.963086897417	2891.36854931022	4708.56682684791	334.809425656517	1094.37769793148	336.768521576967	34.6776990137017	1083.96112357969	1377.25272568773	1465.38021892383	1842.39641564445
FABP5	2563.87465579142	698.349860481287	4608.07649262189	9711.78165095357	1780.36186590813	2648.5605714946	7837.05916983201	8398.79857418142	1472.84321154793	8469.82676237134	1157.49485202875
FAM129C	5259.33284534142	67.4846582937598	26.199881307643	74.8101286408951	66.0837263268209	6767.12364503702	17.1372349777014	117.860339246202	173.749765475303	9.4023554595933	7.17409166471434
FAM177A1	2658.5102304019	7096.36087816622	5658.48489189015	3996.30880739749	7459.85852234449	3705.24427378227	3772.91349123783	3640.76002010706	7801.87053711919	5102.08800111472	4528.19698262188
FAM213A	703.056920771027	154.982008357393	0	469.425687993499	314.04390298675	4893.15702438397	2758.28837329333	284.551508091758	297.080235467482	191.283985661562	88.3310036217953
FAM3C	4339.29380598836	376.285146417274	741.008485141823	2548.05606457803	306.246413154677	340.589447682496	833.877692562037	1683.36215983445	353.497365357521	2867.8725521507	2955.94995622683
FANCI	890.41095890411	396.530543905402	791.339836074927	5669.62147438907	553.231903585598	830.72203777104	2347.19634835765	5091.73324248786	690.875550746459	1795.23334488333	631.768447223907
FASLG	0	347.66234307199	567.434271478689	3452.38775988782	1224.98565261871	0	97.7830466374729	1962.8119394606	2018.0838456015	3390.24275956975	32.7317932202592
FBLN7	218.202098365227	3340.25787982286	5057.09419529564	69.6688996038631	998.078698505377	373.660221906213	120.464681166784	1361.22444814916	1652.59081143015	1316.94631224205	20.8497039005761
FCER2	8328.97626267908	32.5788005556082	0	48.054753040014	24.9519674626344	0	43.3471237671272	0	160.254638059746	0	668.535667005568
FCGR1A	0	0	29.4748664710983	0	428.082191780822	175.894356926937	6884.22890507182	0	222.669602356699	81.0760487171488	135.410980171483
FCGR1B	0	147.070013936745	0	0	157.314357362078	116.604124254936	4678.76757070622	0	116.395473959184	0	19.0561809843975
FCGR3A	136.114887239011	280.410390496485	341.977398120813	538.255203264785	2337.29757716396	199.215181777924	7434.63656964976	217.708453501597	3050.46109289165	709.184220812931	154.242970791358
FCN1	0	141.95048813515	73.2562470772912	0	149.321930284203	46.1146254115566	6581.90791861225	0	84.7194109976667	0	365.878674900431
FCRL1	11454.2159015651	0	98.7666578242067	0	0	0	0	212.919075758377	198.115967753393	91.5573629999741	840.938057323234
FCRL2	5338.28296559657	0	205.117491816415	0	0	13.3073633330492	54.1335010766216	143.993683018991	208.987042615925	0	2767.8542403926
FCRL5	7836.45299592178	24.8995118532148	16.0301905369131	0	16.3747286473538	616.091395498396	6.45166493278172	239.156536438627	333.067241908968	25.4326008333261	11806.3129764746
FCRLA	9424.51810798564	0	0	0	0	2929.59627435989	51.3108976685296	336.40172800749	26.6153901806829	0	1151.21752182213
FEN1	700.791244030813	961.772733545204	880.626273689131	6383.6227722871	442.897422461761	1690.03514329725	4032.189775724	6638.07755210322	724.23850463492	1407.1164424693	1460.15184413389
FER1L4	0	0	132.723082940033	18.6763013998308	167.451094143773	28.5910677551651	0	144.097799926452	226.418248861021	82.7715554393705	7189.33660950186
FGFBP2	134.720624629649	0	0	270.701447255974	751.288145320259	45.5876011211388	0	647.086579872036	2330.72096406191	520.366426747328	0
FHIT	776.429990588727	2484.13354236512	924.235286655142	325.366351915029	378.763068592959	1174.86889941386	750.913313817047	542.761438595804	604.844113472279	430.966981393818	1647.79917923908
FKBP11	639.966537697375	4696.23410009092	1040.23870849754	2474.505012436	4087.63910721861	1299.37838802506	965.935209154913	2982.01234659935	3638.81116174491	1681.32612054498	19164.6891208263
FKBP2	2008.0867231343	4855.8702228134	3858.96672839152	4146.34875684557	2694.42261147291	7227.61111878956	6267.18763860999	4778.6537017517	3990.8090685007	3847.72130062012	16272.8576088528
FLT3LG	749.5904353585	8396.02231461674	3788.12362827677	1884.41782663461	6475.81530553684	280.640434647473	1106.25892144291	2436.02328387225	3912.46235656038	1949.21618265601	453.985488157704
FNDC3B	420.893025201297	523.122454635766	1479.94855860146	320.644815044285	1478.59900940689	584.996962363746	4902.55969806208	706.433217124982	1863.63960962345	803.053638434116	7427.65096698909
FOSL2	1252.57067168601	6606.28263552257	4564.98458257642	2503.88346407619	7970.98398083689	5160.8853639162	3945.19310639602	2128.0454716017	7800.55851084268	3588.92532001919	801.480553167305
FOXP3	179.337028129248	867.526917652195	6345.71467329524	0	0	0	181.150654440762	700.186202677304	56.6045622152552	404.609558712007	0
FPR1	166.788664644986	262.026638754391	140.824362028581	92.5421226665771	422.039137160965	120.29329428786	3674.02156469004	112.550376965675	169.813686645765	128.704373914105	107.387184606193
FPR3	0	0	47.401101050012	0	0	74.1786688763038	5184.11438801926	6.45524826260116	134.576409505143	10.7895882323202	0
FYN	2272.29948760849	10471.9900271637	10914.1466086753	7788.75214502043	13576.4044838686	1358.27335247925	524.399390317664	6150.08160683207	11779.1844782043	10612.4848483354	152.44944787518
GAB1	738.4363344836	0	72.3944088763819	2.41322995615791	52.4381191206927	5398.44156282202	832.264776328841	205.630892236086	743.918898782608	204.848039439336	5526.96505656883
GABARAPL1	1090.13907769528	2695.19762882181	2544.31873672446	3232.46906475273	7014.6218529331	2274.24156922537	3886.52327841354	1713.97253062807	5673.38905196543	4683.29784072595	764.040762292077
GAPT	3176.47878978006	141.019665262132	18.6157051396411	0	108.774983157422	7436.1809817224	908.676682876475	192.199811173577	218.171226551513	0	56.2717814951031
GAS6	483.983408274949	184.302928857441	11.8933671725485	50.0482908298835	301.17804476383	5802.66919357246	1024.70584440197	122.129132452116	252.658774391271	0	3609.01648808036
GIMAP5	299.417895360591	10289.0833326158	6039.0726414117	4178.35028452506	6300.7616588068	118.053441053585	3432.28574423987	4294.40596514916	4151.25113888567	6843.5275418112	98.4195700252999
GIMAP7	593.955871588414	11319.9696644826	5957.88748288605	5295.78067726774	6596.87133517978	90.5164218792553	3387.930547827	5407.62393972547	8111.69617070137	6982.71323000813	166.573440840086
GK	1044.47697723866	1130.71708499786	5571.95633651886	1689.05112322739	851.290952416598	941.660650903985	5663.1505092783	2724.42711754008	1058.43034049518	2308.04705986803	947.428480471338
GNG7	3149.98780020217	24.4341004167061	10.6867936912754	83.2039719666617	17.1544776305612	3822.50717840023	191.231380898233	147.741891687598	219.670685153242	43.4666268787756	4629.53102738597
GNLY	0	352.781868873586	1498.39189610092	2375.14289206724	5064.07977143998	132.283096894865	297.885466818281	2972.12124039053	10976.4118293039	4147.51771650388	54.9266393079692
GOLIM4	1013.45463418035	453.310739159462	899.06961118859	4021.91002954108	1442.34068168775	2330.76492437267	4512.13316236421	2498.07696071919	2524.71342066055	3240.57575708999	3017.37811610595
GPNMB	160.863048555195	292.278382127456	48.607674531285	282.872520078336	0	96.8407133642688	7152.981072428	69.5500941841545	250.784451139111	0	243.919116600288
GPR141	0	0	0	39.241217547959	0	732.432007608123	1950.92299131445	39.9808924651427	750.853894815603	0	0
GPR171	39.9107671930008	4697.39762868219	3559.90887267599	3488.69113227176	3694.84055692791	538.88233695219	71.5731578480472	3593.90741174947	2959.93127981228	4689.77159366534	84.5197674249158
GPR84	0	0	13.0999406538215	65.5769009825518	0	61.1348176884636	4890.16040451939	0	31.863495286733	0	116.354799187086
GTSE1	181.254139217122	0	103.420584109117	3528.87665719386	0	94.9961283478065	1652.63429543787	3738.42167930576	303.452934524828	346.037508307983	338.527450428708
GZMA	0	5144.89072488529	2757.02040470888	8477.46698989958	9011.16912443546	124.904756829016	404.942781796627	6702.63003472924	11489.2266710951	9986.53459388606	221.724270512578
GZMB	182.125553347973	60.5034867461295	870.111847638038	8509.88820974536	4315.91062205255	15842.4819260314	196.574165920693	4768.03377719065	8871.73424945256	8044.71698601793	554.198581099183
GZMH	129.317857018369	0	658.616753134893	5513.1812194051	5319.25262619457	1556.82975389415	111.996870942508	3763.82620472633	6368.76297851707	5986.68009919023	170.160486672443
GZMK	85.5728676496218	3132.68437913998	1634.90706712496	5830.99311232694	7866.1077425955	16.0742408577426	135.283349059267	5650.94515246255	6260.23966221696	9836.86759140631	164.331537194863
GZMM	38.6907874098086	4012.54469985966	3301.01267712283	3799.78795053298	4964.07696434364	0	123.287284574876	2054.43481802655	5153.82664646646	4620.71822897849	0
HAVCR2	238.418906200983	1336.19623421644	3338.93355796284	5941.58199814391	1556.57390772762	2066.33048665555	6292.08703295994	4914.21391526633	3044.65069080995	8772.08936985106	138.325454910273
HIST1H3B	352.748440168706	0	0	2357.20105195841	0	50.5943318801078	1342.95437866434	2586.78456587623	0	0	142.80926220072
HIST1H3G	159.991634424344	0	137.721744505307	2789.16921411068	0	0	1210.79605480689	3260.10860642851	82.2827907698577	0	401.300752494958
HJURP	271.881208825682	0	0	3669.99814810832	176.613144696459	0	1777.93772530424	3931.97501027634	0	137.644318449456	391.436376455976
HK3	16.90543413852	0	0	35.0442958850757	71.5419692092722	8.16887650147573	7279.49418946927	65.0730671633182	15.7443153181504	0	121.959558300144
HLA-DOB	10086.7928474328	0	255.276475109337	123.179650805625	117.937033710108	1695.70065441924	172.380422422761	520.480420399084	32.9880892380295	53.9479411616009	3668.20274431425
HNMT	0	0	62.3970857458339	86.4565862553963	0	168.120748643275	7274.05059718224	30.4021369787023	0	45.1621336009973	21.7464653586653
HNRNPA1P21	205.305169228624	258.303347262322	3516.1274920698	137.763953584145	275.446328317988	0	99.5975773998177	551.507258822554	297.829964768346	491.696949444305	0
HOPX	5388.99926801213	1545.16596920884	565.538227436688	2766.9255292974	3938.1222396886	0	234.78011919451	1801.22249908065	7284.55731952282	1881.08763981765	523.932881888669
HS3ST3B1	280.769632960368	2824.81471388948	5121.73206036384	1100.74762913272	1519.92570551688	5974.21560010345	1121.884047452	1946.04911735933	2037.38937509875	1689.49538020659	250.196446806913
HVCN1	10097.249817003	70.0444211945576	570.881624282326	857.431095727062	676.822117423959	6993.61233384406	2299.51451221381	652.500659060024	1684.07944206645	1314.32598367135	408.699034524195
ICA1	300.812157969954	626.909204977203	5384.76507928136	750.829285489825	0	38.2092610552897	2482.27808288777	1453.57614506734	505.130116457327	1697.35636591871	0
ICAM2	3285.92840461501	4902.64407218252	4910.75406878124	1948.42088199358	2847.25341218155	1384.22929878232	2510.20169517496	2155.01175063418	3248.76449297026	2142.1956750398	10670.5645898045
ICOS	437.275610861306	9395.7260802374	12036.7770491798	3778.48857309385	3354.67506300372	11.3310222439825	302.018564665844	3494.47576512392	3115.68754206684	5687.65436818021	122.407939029188
IFNG	392.484924535536	1673.38681996699	2023.59609573506	6332.63017408306	4898.77298700002	38.9997974909164	109.879918386439	4460.0559649201	4415.34328511512	6409.94023184667	317.677746528132
IGHA1	2993.83038795357	139.623430952606	0	13.2203032380824	0	49.9355515170855	0	443.954493415022	781.780228476256	360.218109984747	18088.3511807546
IGHA2	1161.94360207745	90.9879358374485	0	0	27.8760261496619	42.425455378632	0	265.393997118877	338.690211665451	163.23105625753	11127.0161719719
IGHD	8268.67440482415	30.9498605278278	227.180549759694	94.8504295811629	30.020335853482	264.56619378973	0	202.090917382401	0	103.425910055526	354.444966309793
IGHG1	9540.24190456272	58.176429563586	424.196762487562	345.511575896869	96.6888739177084	387.889877747493	13.1049443947129	990.98472521674	509.628492262512	266.348692363561	23515.103144382
IGHG2	6084.736310084	42.3524407222906	190.466242400957	105.447656779943	84.2128901863912	30.3038966990229	11.1896063677933	455.823820865611	362.494116967892	76.2978024999784	16969.8654521527
IGHG3	6894.28003764509	0	42.7471747651017	73.446129100458	40.3520098809791	55.7328187116812	10.4839555157703	450.93032621493	264.6544432051	133.020209207033	17703.6405152343
IGHG4	3143.01648715536	0	39.81692488201	110.588885816975	0	19.2363866002493	0	198.967410158562	230.541760015774	54.5644890605906	14293.4808804852
IGHGP	4286.13754400641	79.119944206477	81.3575261658387	29.5882977233274	24.5620929710308	0	0	305.583123398942	224.54392560886	58.1096394797815	13554.3252486551
IGHM	13197.2184460943	223.164783805916	1583.36914271058	1096.23593834512	45.6153155176286	9756.80068850453	0	988.173568715285	23.8039053024417	1137.68501061079	7081.50104416662
IGKC	13917.8779323086	126.591910730363	769.966248692376	179.83809325455	417.360643261721	11865.8201426839	36.9962660989202	1303.23133069321	803.522378201321	708.413535939194	31748.4942814643
IGLC1	5721.53090034508	134.96931658752	0	0	0	148.225581680003	52.5205848434262	297.253770802038	147.509239945052	106.046238626233	17205.4895252657
IGLC3	6361.8460036948	423.757112941161	0	0	91.6205055268608	316.873354613696	0	579.618823837108	348.24926025147	80.6136377929065	9891.72726345394
IGLL5	5631.94952769354	0	0	0	105.655987224593	0	17.1372349777014	230.6189500268	141.88627018857	32.2146277222131	14165.468182343
IKZF2	639.269406392694	1626.61297059787	4968.32486060198	1127.81777385832	1074.4940988597	619.253541240902	306.958120630005	2524.31442139944	1842.83462152447	3753.54360904944	1.56933255165626
IKZF4	153.717452682213	814.470013890204	4218.00852289034	916.502768132144	348.352858247873	184.458501646226	593.149944757619	983.592424786987	232.041218617503	1241.88160554005	122.183748664666
IL12RB2	95.5069887413294	846.816108727558	3711.76476367621	99.8867355766229	551.672405619183	85.6414471928908	170.162662602118	865.940319355708	1946.67212969417	557.205163711964	0
IL18R1	105.963958311548	2390.35313790862	3438.04495106741	625.970866019047	1487.37118546797	4684.45540537852	53.9318865474722	1291.36200324262	1860.82812474521	1087.43635684313	110.750040074028
IL18RAP	0	354.64351461962	694.641589932903	944.622143273462	1752.09596526686	440.065282498854	117.440463229542	893.531299832955	2163.34389764396	1390.46964919658	0
IL1B	98.1212311338841	0	198.050418568959	31.4769124716249	326.909761209671	0	5045.80682102275	25.8209930504047	464.457301885438	0	9.86437603898222
IL1R1	0	108.673570424779	1730.57110742589	0	85.3825136612022	0	118.851764933588	234.887743232713	253.033639041704	176.024425161566	4.03542656140182
IL1R2	0	0	3256.19709067555	0	124.369962821568	0	436.898684666812	570.24830216559	167.564498743173	412.316407449378	66.3603478986077
IL2RA	743.664819268709	772.350278886168	6549.62559163038	501.741984797701	321.841392818824	0	3395.39028540553	1628.49254960234	1360.94611339393	1022.08227955022	131.823934339126
IL3RA	161.908745512217	79.81806136124	138.066479785671	33.5753733030665	120.861092397136	10258.5278129823	1429.2453971403	71.9447830557646	74.9729300864307	53.0231193131163	347.270874645079
IL7R	427.690055421939	16716.1825650826	7157.04915563126	1013.55658158632	12701.3311874641	94.6008601299932	4835.62367438447	1560.19185830772	10082.7345026736	2640.98292532249	220.154937960921
INSR	0	74.9312412778988	239.76338749297	67.2556696477051	168.230843126981	1997.42206068342	1192.65074718344	91.7269954734133	164.190716889283	0	2162.98863691137
ITGA1	0	1360.3976289149	230.972637843695	1839.61568788333	2158.34518551788	0	98.085468431197	898.528911391098	1311.46397953689	1688.10814743387	79.8117697699471
ITGAM	740.876294049984	333.699999976729	946.643079878784	0	917.764553235023	636.513586752085	6695.7193203171	158.361816248651	3369.09604575898	366.075315025149	243.694926235765
ITM2C	1830.66680609293	2706.36750329802	815.126570420024	939.061222070142	4424.88054245577	11780.8374758541	757.364978749829	1079.9005641887	1840.39800129666	1304.30708031276	14844.5407964811
JAKMIP1	171.145735299244	659.488005532811	3040.73754044822	3894.74330315572	2038.06890485815	30.1721406264184	103.831482511956	3957.3795356969	1736.37306080173	4415.71605256441	74.4312010214113
JMJD6	3562.68953257346	2122.04344476136	4190.42970046124	4454.19296081806	7656.35526611273	3489.29607078358	4230.98170146533	3376.30307515533	4374.85790286845	4291.32751394323	3422.93848552683
KIAA0101	1834.15246261633	78.4218270517139	1384.28451830053	8132.16526008586	163.357411981935	75.100961384535	4005.87907967	8093.4236845974	460.5212230559	1571.73473149956	622.800832643014
KIAA0226L	8695.1444804629	113.094979071611	272.513239127523	84.2532023823826	139.185193502508	8575.08047331525	1798.09917821918	546.926114894257	261.093229025995	82.6174184646231	161.865443185117
KIF11	964.306877200321	423.524407222906	403.68501330592	4170.6909024903	151.661177233825	19.6316548180626	2267.2561875499	4829.67098640775	272.714033189392	552.272780520046	301.760230647047
KIF15	199.902401617345	87.4973500636334	96.3535108616607	3228.0622970067	0	0	1372.79332897846	3037.50665827623	157.068288531072	0	88.5551939863177
KIF18B	218.376381191397	0	109.798186795846	3556.47141712732	7.4076153404696	0	1400.41451947193	3088.7321767472	144.322890416379	154.753522646421	268.131675968699
KIF23	140.64624071944	233.403835409107	199.94646261096	4386.09790683778	117.547159218504	52.0436486787567	1838.01885499077	4522.00552485958	639.519093637254	316.443209156476	260.733393939462
KIF2C	594.304437240754	0	75.6693940398373	4084.9687775259	0	83.2698378860107	1995.98383857934	4888.80938984577	127.453981146932	395.977888126151	327.990503296159
KIFC1	748.719021227648	0	226.83581447933	4059.7872475486	19.4937245801831	110.279832769922	2114.83560351293	5096.62673713854	108.710748625324	451.775472984721	186.078002553528
KIR2DL3	43.396423716407	89.5917015279225	0	336.278348238526	167.646031389575	41.7666750156098	35.8873861885983	141.078409610074	1383.62542474508	380.41005367666	0
KIR2DL4	0	0	0	1471.0210428406	278.565324250817	15.8107287125337	73.7909176686909	584.616435395251	1519.51386052673	925.130122434082	0
KIR3DL2	0	0	0	463.44507462389	376.618758889138	32.8072620785074	86.795054798829	577.015901150575	1400.49433401453	838.042731701783	0
KLF3	569.55627592457	2396.63619230149	535.890993325408	65.4719779409797	888.329029118946	1554.45814458727	1143.65841660013	229.473664044725	1807.59734438384	314.131154535265	758.211812814497
KLRB1	30.3252117536338	5837.19023669197	4361.41839952165	237.75561220234	1549.55616687876	46.7734057745788	195.162864216647	871.458515451157	6300.16274748799	963.66436612094	13.899802600384
KLRC1	21.959636097459	370.234797742661	0	1501.23887881336	1753.46052598747	0	83.266800538714	375.445568305481	3714.90868578264	2016.41990364589	30.4898895750359
KLRC2	0	557.330195219154	0	1456.7515091868	970.787484093121	19.6316548180626	43.044701973403	443.850376507561	2492.47506072339	1612.58102980762	0
KLRC3	0	409.7947698459	0	1618.96253145724	1079.36753000474	0	27.0163469060234	614.81033855903	2291.73504041697	1559.55791049451	0
KLRC4	0	662.047768433609	63.4312915869251	3381.35486074352	3927.2057539237	72.0705717146327	41.4317857402076	1630.99135538141	1887.63094725111	3456.52165871114	91.0212879960632
KLRC4-KLRK1	461.152358046638	1295.24002780368	326.464310504446	3605.36555449991	6999.41674776056	103.165004849282	44.1535818837249	2163.65345395347	4080.96401692964	5183.9347347056	23.5399882748439
KLRD1	0	255.51087864327	127.207318454214	5806.3361975575	5563.11912069267	41.5031628704009	114.61785982145	2084.94107191271	7195.33953271997	4022.05021905947	193.252094218243
KLRF1	128.446442887518	238.756066928957	203.049080134233	55.1895198669156	186.165069740749	241.508881083952	227.925225203429	60.4919232350206	3935.32910023675	365.304630151412	0
KLRG1	401.373348670222	4317.15648505459	1781.93666420009	3916.14760363642	4705.39523916461	120.688562505674	990.632988975718	3264.06504891204	5076.04223150179	5035.34669104908	242.349784048631
KLRK1	2188.12088256823	4569.87489507881	893.553846702771	8533.3909710575	16164.7812336253	219.373860886405	206.957314171888	4812.69993049155	10758.2406027524	10774.6369457697	470.575575132356
LAG3	22.3082017497996	679.966108739193	2635.50121838066	3913.62945063869	3608.2884197919	701.996354836495	137.097879821611	2911.83755097043	1351.1996324827	4957.19924485213	155.588112978492
LAIR2	215.587855972672	485.191422560307	3030.74021731767	796.470808573681	469.603825136612	1210.70655116227	364.922297760466	807.218383547529	774.470367792829	1068.78578289869	0
LAYN	0	0	3471.65664090288	1170.62637481973	431.201187713651	52.1754047513611	83.8716441261623	764.32221767347	108.710748625324	1885.71174906007	0
LDLRAP1	198.508139007982	5190.26833994489	921.994507332778	634.574555427958	3116.46174863388	203.299620028662	1611.50493149138	735.794185029072	2081.81083617496	872.877687994703	2330.45883920955
LEF1	523.719892641779	6753.58535517757	4185.94814181651	1166.84914532313	3715.89377947451	154.813385310226	0	1792.68491266882	3372.46982761287	2305.42673129733	384.486475155784
LGALS2	0	0	36.5419397185547	0	0	198.424645342298	1715.94125759079	65.0730671633182	81.7204937942094	0	91.0212879960632
LGMN	2469.76192965945	744.425592695647	1074.36750125354	129.47503329995	450.305037802231	8847.81554360645	3124.11793643497	282.156819220148	826.389121877682	366.229451999896	2936.66958487791
LILRA2	175.154240301161	123.799442111311	19.3051757003685	0	193.962559572822	340.721203755101	1720.37677723207	92.8722814554877	185.745434289132	144.888756262585	96.401856744599
LILRA4	539.753912649447	0	0	30.7424511806203	14.4253561893355	14039.9270967299	141.029363140025	110.259805001526	51.356457109205	0	0
LILRA6	92.1956150440936	209.667852147164	205.462227096779	21.9289156885653	446.601230131996	751.931906353581	4621.0050081049	26.4456944951725	166.065040141444	140.572920969657	175.541055420979
LILRB4	259.855693819931	0	40.8511307231012	0	0	11487.0214339461	7633.12607359737	103.283972201619	448.712986567288	123.155442823198	597.691511816514
LINC00402	0	1271.73675025999	60.6734093440153	0	719.318437008758	7.77360828366239	0	0	279.836461547602	98.0311159393662	6.27733020662505
LINC00861	89.9299383038795	6395.21854906588	2667.73396709467	954.799678305954	3663.65059759962	88.671836862793	121.775175606255	1188.078031041	3638.81116174491	2340.87823548924	421.477885301968
LINC00926	5674.4745372791	96.8055787938071	217.183226629146	13.4301493212266	0	48.0909665006233	106.250856861749	316.307164867457	108.335883974892	0	229.122552541814
LINC00996	464.115166091533	180.346931647117	0	188.022090497173	173.299211517828	4594.59776386229	135.888192646715	192.720395710883	1098.72829041664	362.221890656463	364.533532713297
LMNA	1416.74509393844	7787.26415566337	6165.41812166501	1904.98274278274	7347.76960600843	608.713055432547	7546.33101879854	2885.07950575288	7930.82397686785	2771.84521688305	5405.90225972678
LPCAT2	44.4421206734288	182.67398882966	110.487657356573	136.819646209996	41.7165706015919	174.445040128288	4739.15112218647	36.3368007039969	8.43445463472345	102.963499131284	27.5754148362458
LTA	3561.64383561644	1843.26199429266	5040.20216655782	658.811778031109	669.414502083489	314.765257452025	61.7948531842999	1956.46080810546	1424.29823931697	2012.41234230246	22.6432268167546
LTB	10676.391648367	15758.5985344659	12179.8421905307	731.41852279899	7165.11340669212	7653.18323330193	566.536826909894	3081.54811013237	6336.33718625469	3937.58315689788	0
MAD2L1	1198.54299557322	815.400836763222	987.149475321522	6206.82744723814	1011.72430571151	1038.23785212304	3681.48130226857	6749.48264308682	160.254638059746	1182.2305963128	647.461772740469
MAF	379.587995398933	3227.62831218775	6620.29632410494	511.499827663904	1417.38871422512	45.9828693389521	2136.30755086735	1428.17161964678	2495.84884257728	2794.81162612042	0
MAFB	0	0	87.5627612123857	0	18.7139755969758	61.0030616158591	3016.7581996629	55.7025454918004	298.392261743994	0	8.29504348732596
MAFF	512.217226114539	996.445885565101	920.443198571141	608.133948951792	1999.86120468099	362.987980025252	987.608771038476	323.803582204671	3907.9639807552	642.59704772204	355.565918132405
MAGEH1	860.260029976646	1621.49344479627	6054.24099374771	1295.06510212422	36.6482022107443	1346.41530594485	1525.21391301543	1931.47275031475	456.772576551579	2367.0815211963	1913.68895156255
MAL	328.174561678692	5678.4849368425	2922.66570692365	263.356834345928	1219.33247249046	378.008172302159	111.795256413358	523.603927622924	573.730347486411	1281.3406710754	133.16907652626
MAN1C1	46.8820802398132	1768.56345873302	258.896195553156	127.271649426937	1327.91251840208	0	882.06356502875	95.995788679327	248.722695561734	298.563320085774	2.69028437426788
MANEA	898.776534560285	626.443793540694	1052.99391387099	1386.87276349979	757.916011677521	5.79726719459568	1495.87899902419	1443.9973895809	594.160470934963	1196.8736089138	6818.74993694646
MAP1A	162.257311164558	137.994490924826	62.2247181056521	21.7190696054212	221.058836739277	5694.62921403682	0	95.0587365121752	181.434490809162	0	16.8142773391742
MARCO	22.1339189236293	60.9688981826381	0	0	0	0	8208.13071073154	0	0	0	0
MAST4	951.758513716059	2457.60509048413	3104.51356731551	494.921987095515	425.158133093794	271.417509565161	151.81574044952	1151.84534724446	1117.28409061303	1606.10727686823	364.981913442342
MATK	111.018160270487	678.802580147922	0	1052.16826088485	2146.45401352397	69.5672063351482	2344.67616674328	593.882840159307	4142.44181960051	1133.21503834311	0
MCTP2	5000.17428282617	1715.04114353452	810.300276494932	3776.07534313769	1926.3698630137	4.34795039594676	253.631077669981	2545.45015361409	4061.8459197576	4547.65730294821	2136.53417389774
MEF2C	11365.6802258705	407.002301226848	652.928621008892	222.331925091244	56.3368640367293	7087.29090146583	3586.62166630376	420.944656866073	604.094384171415	74.1398848535144	7296.05122301449
MELK	530.865488514762	0	341.805030480632	4751.75470671649	0	0	2672.40058387568	4763.24439944743	144.697755066811	329.544852010008	396.59275483999
MGAT4A	2378.43772874621	8971.73626157798	2297.8330112644	1557.16285997128	6433.31898595204	4905.01507091836	5001.65323913903	1721.57306487275	4942.21555129751	2536.47805644373	562.942005315554
MICAL2	14.639757398306	1904.69630391181	5350.46391888517	1569.75362495993	1683.67299199042	788.955362755431	2544.98020145324	2434.56564716779	2708.77196402274	2410.70228504982	2.46609400974556
MIR155HG	3654.18801631287	1416.01429557768	3656.7794864582	3880.05407733563	1207.24636325074	1876.86525425035	1988.02006467794	3715.62007657174	1762.98845098242	4231.52236774123	4377.31686729836
MKI67	652.863466833978	0	265.963268800612	5162.63333751277	127.099084262794	22.5302884153605	2156.87223284059	5062.37227458377	605.78127509836	957.190613181547	457.796724354584
MPEG1	3864.89595315278	54.2204323532622	24.9933078263699	5.24615207860414	23.0025950046161	11159.0805692337	4240.96162065823	109.114519019452	14.2448567164218	0	76.4489143021122
MS4A1	18741.329429398	1023.90516031911	290.784208986801	31.7916815963411	1166.50447887816	29.6451163360006	0	365.242111374272	552.925359387426	239.220584808013	441.879208473499
MSR1	196.416745093938	13.7296373770063	44.6432188071022	36.4082954255128	245.231055218704	18.841118382436	3568.57716594489	0	217.983794226297	192.054670535299	0
MTND4P12	1206.56000557705	3163.86694538606	1916.38342354194	1342.80508603952	2720.15432791876	857.07325229193	2183.18292889459	868.126774412395	3227.02234324519	600.209379666497	517.431361317522
MVB12B	281.466764265049	809.815899525117	298.540752794984	1538.90625073774	2276.86703096539	636.118318534272	392.845910047662	587.115241174322	852.817079733149	1258.06598788853	0
MYBL1	1235.49095472132	691.368688933656	57.7431594609236	204.599931065562	551.282531127579	0	179.436930942991	424.901099349603	1872.82379355904	226.735489853471	248.178733526212
MYBL2	1515.56345637701	243.642887012298	0	2190.58326194195	0	4749.41114917251	1067.04489552335	2345.23334056599	396.04450318157	521.599522545307	1903.37619479452
MYO7A	195.371048136917	1034.1442119223	3588.349533306	2970.16146082252	504.49759213514	4.21619432334231	1810.59927902644	1843.28572969502	1469.65686201926	3382.22763688288	0
MZB1	3251.07183938095	385.826080865703	2278.35546792385	1765.74986661658	854.799822841031	9992.64405846649	82.1579206283922	2403.43469183686	938.661084682112	2474.20671864576	22230.7165460336
NAB1	996.200634389487	1684.78940016145	4538.09523070805	4354.30622524144	2230.47196646456	686.580894341775	1589.32733328495	4462.76300451409	2249.75019956857	6908.26507120512	1356.8000860891
NAPSB	13172.9931332567	0	315.605149172989	67.7802848555656	142.109252189535	14702.7918980029	810.490407180703	529.122123718373	224.918790259292	45.0079966262499	62.5491117017282
NCAM1	0	10.4717573214455	22.0630579432783	17.9418401088262	135.481385832273	116.999392472749	129.537334978508	234.367158695407	3471.24666300174	198.528423474691	128.685269235814
NCAPG	757.433162536164	0	492.454347999579	4045.20294477008	18.7139755969758	51.5166243883389	2102.03308091194	4264.00382817045	112.27196280443	376.556629307974	401.300752494958
NCAPG2	925.964655442853	336.027057159273	1546.48246771166	3976.05866037408	530.424245826783	407.389776492951	2740.64710199276	4696.81781248712	898.737999411088	1041.04112744415	482.45766445204
NCAPH	550.908013524347	0	848.221157334941	4483.15172029196	917.764553235023	0	2437.62046468117	5300.79999267017	19.6803941476881	631.961596464468	548.14544125708
NCF1	11894.8028861236	1592.40523001448	730.838794371093	317.916815963411	1332.59101230132	7132.48323436915	4575.54093178171	598.04751645776	986.643759937428	616.23962504023	6584.24681565611
NCF1C	10149.0118163756	57.9437238453317	161.680846490586	20.7747622312724	468.239264415999	5940.61780158932	2783.79261123074	318.181269201761	82.0953584446416	137.181907525214	5203.2341701986
NCR1	214.890724667991	0	305.952561322804	31.8966046379132	0	0	96.0693231397027	455.407353235766	1635.15960518505	2063.58581791861	36.9914101461833
NDC80	435.532782599603	934.7788702277	1719.36721081407	5261.89053483996	608.204206901714	25.8241902304717	1724.30826055049	5455.51771715768	334.379268185481	1178.22303496936	339.64840225132
NDFIP2	45.3135348042804	2103.19428158276	6544.10982714456	4247.7044150042	1112.89673628266	83.4015939586151	777.92966072307	3977.89056646678	2594.0633809905	4683.60611467544	1722.45457062501
NEK8	1373.87151870055	550.814435108032	205.634594736961	290.426979071526	511.515332984006	3866.1184384323	272.078807087154	401.787145893192	557.236302867396	216.716586494888	1067.37032549078
NELL2	0	5516.52175693748	2030.66316898251	3189.55554074975	7391.43554906804	13.5708754782581	111.694449148783	1931.26451649982	3229.64639579822	4558.75516513002	195.493997863466
NFAM1	82.6100596047265	0	204.60038889587	0	167.646031389575	0	3634.50511697675	33.6297611100028	109.273045600973	115.140320136331	15.6933255165626
NKG7	519.711387639862	1108.14463032719	1969.81739199831	10874.5387976554	14051.2716146418	4352.69361456052	1159.88838619666	6632.14288837793	13943.8404021248	13694.9160693345	230.691885093471
NMUR1	0	146.837308218491	0	52.3565977444694	146.007997105572	0	41.1293639464834	195.948019842184	1198.62971975681	188.971931040351	0
NOTCH4	10.6312523963889	168.013528579636	85.1496142498397	182.041477127564	0	4792.36362884156	1002.02420987266	347.229886383466	400.917743637188	535.471850272576	0
NR4A3	2698.94384607341	3669.07105971624	2566.7265299481	1611.72284158877	5687.09920902263	7767.54750432259	2154.55366575537	1356.12271968355	5329.82559984436	3385.00210242834	538.729445947143
NRP1	26.8395552302276	385.593375147448	412.131027674831	238.699919576489	0	8015.24892081895	6851.76896587876	503.301130667968	403.541796190213	600.209379666497	80.0359601344694
NUF2	983.826553731395	100.994281722385	498.831950686308	3727.91566705611	0	0	2067.65780369197	5074.86630347913	296.330506166617	657.085923348299	346.598303551512
OASL	168.182927254348	1783.9220361378	3945.32291612263	5236.1843896548	4999.94541757118	387.362853457075	541.032588972492	4069.30521121781	4262.21107541358	5270.40557753891	1179.91388848099
OLR1	110.146746139635	151.258716865324	36.7143073587365	0	160.433353294907	34.1248228045519	5485.52810909765	0	120.331552788721	149.358728530261	101.558235128612
OSBPL5	0	41.1889121310189	128.413891935487	0	88.6964468398333	1638.2550067637	1147.99312897685	517.877497712552	1311.27654721167	689.300551070512	41.4752174366298
OSCAR	141.343372024121	0	0	0	0	0	3846.70440890652	36.1285668890743	40.6728145718886	0	33.4043643138262
OXNAD1	1718.77723169159	9626.1047413092	5861.01686910384	3520.37789082653	6523.18505626669	1062.87623770008	1287.51038314825	3669.91275419622	4705.48852454961	4987.10181795313	1277.21250668367
P2RX1	1532.99173899404	160.101534158989	10.1696907707298	0	0	4935.05545547218	384.579714352535	45.6032054680534	16.1191799685826	169.396535247427	5905.17420151799
P2RY14	555.787932657116	187.328103194747	1094.18977987446	8.18399724262247	541.925543329092	7340.13080479376	281.252268163453	119.942677395428	153.881939002399	0	0
P2RY6	0	0	0	0	77.3900865833271	7082.94295106988	3121.5977548206	24.3633563459463	32.6132245875973	0	818.29483050648
PACSIN1	142.040503328802	629.701673596255	66.8786443905623	40.1855249221078	439.778426528932	5047.44338540377	0	117.339754708895	292.39442733708	368.079095696866	75.3279624795006
PALD1	822.78922235003	155.680125512156	0	79.4267424700668	0	4026.2020666467	1513.72188485391	53.7243242500355	126.891684171284	27.2822445302953	6.50152057114737
PARP8	3895.91829621109	8648.9734303592	5060.19681281891	3790.23995374992	9780.19655912369	2975.31563155363	2532.27848611682	3139.8535783107	9101.15141551703	6553.28761836178	1466.65336470504
PASK	2949.56255010631	7856.14504826666	5671.58483254398	1890.0836708795	3621.73908975223	599.753642495444	1128.83974870765	2145.01652751789	1892.69162003194	2098.42077421153	985.540842440133
PAX5	10029.4537976228	0	61.3628799047427	16.7876866515333	5.06836839084762	0	0	323.387114574826	38.6110589945118	0	447.708157951079
PBX4	245.390219247795	3390.05690352929	5655.72700964724	1244.59711912805	3839.09411882127	22.6620444879649	119.154186727312	2046.31369924457	3421.57709681948	1810.64704235807	408.923224888718
PDCD1	416.535954547039	3561.56101788274	8409.1276939123	5575.50550609891	3098.91739651172	174.445040128288	222.784054710119	4640.0740979207	2445.61697941937	8756.98394632581	173.971722869323
PDE3B	141.16908919795	2945.12357022698	2380.39711091151	1964.47410735411	4139.68735184769	121.4790989413	701.013717852563	1619.64261246812	3012.97462784843	3249.82397557484	5.8289494775804
PDK1	1475.1298407055	2320.07601099581	1808.13654550773	786.293273541189	1642.54123312623	250.204781875845	2965.3464947298	1556.86011726896	1014.94604104506	1064.16167365626	9874.91298611477
PFKFB2	668.548921189306	654.135774012961	0	252.339914980859	437.049305087706	7119.96640747173	1256.05851660094	68.4048082020801	721.239587431463	163.076919282782	435.153497537829
PHEX	0	482.166248223001	738.767705819459	953.54060180709	60.8204206901714	3661.10598945978	31.9559028701844	421.465241403379	50.2318631579085	1009.59718459567	0
PHTF2	5217.67924988672	4601.75557847966	7770.16085175814	2659.7991038523	2880.97755570527	955.626794600056	3226.23569544916	3271.35323243433	3454.94005070794	3938.19970479687	1084.18460282995
PID1	52.2848478510928	0	0	0	0	10.4087297357513	1483.88293453979	0	0	0	22.867417181277
PIK3R1	725.190839694657	4963.84567608341	2253.87926301802	2168.54942321181	8371.19014646805	970.646986876963	1267.24812296873	1731.04770345173	6521.8951882186	4863.79223815519	539.177826676187
PKIG	7427.2369200739	44.4467921865797	237.00550525006	301.23405235345	366.482022107443	2627.34784380528	524.802619375963	266.122815471106	170.001118970982	92.1739108989638	1418.67662669726
PKMYT1	458.538115654083	0	857.35664226458	5807.38542797322	0	86.6954957737263	3357.48675392544	5719.03760994225	281.523352474547	242.765735227204	333.595262409217
PLAC8	7023.42361183729	9415.73877200727	1083.50298618318	74.3904364746068	7308.19734511066	14727.2985275073	666.134404309712	615.955624541105	8578.4026604894	1107.47416356029	773.456757602015
PLBD1	0	41.1889121310189	28.2682929898253	60.3307489039477	102.342054045962	98.2900301629177	5824.34132533327	59.5548710678688	75.5352270620789	0	603.296270929572
PLD4	2276.65655826275	0	32.9222192747356	0	49.1241859420615	12224.7236844584	497.282236147066	151.281866541282	191.180971720398	0	342.787067354632
PLEKHG3	0	1920.75299847136	577.948697529782	3.25261428873457	1686.98692516905	179.583526959862	1378.03530673634	81.0029540048985	1575.74355809156	207.62250498479	3.58704583235717
PLK1	680.923001847398	490.310948361903	257.861989712065	3522.3714286164	121.445904134541	12.1215586796092	2316.34932539779	4367.39191727953	316.948061940386	478.903580540269	678.175852680028
PLXDC1	135.766321586671	1164.92482558125	166.507140415678	67.5704387724214	2692.4732390149	536.905995863123	67.2384454713344	31.7556567756993	1731.12495569568	388.887587287769	28.2479859298127
PLXDC2	149.186099201785	198.73068338921	105.488995791299	2.62307603930207	135.871260323877	696.462599787109	6790.27653448818	34.7750470920772	682.628528436951	69.5157756110915	21.9706557231877
POLQ	332.53163233295	0	168.575552097861	2288.58138277027	0	3.29390181511118	1221.68323938096	2861.65320157408	175.998953377896	0	199.529424424868
POU2AF1	8473.45672557426	1578.44288691922	1877.42833686084	990.998127648323	0	52.9659411869878	41.4317857402076	1337.6940270629	497.632823448684	2718.82209756994	11667.0907601062
PPP1R14B	288.438077311862	559.889958119952	343.356339242268	1479.62473224951	624.383998303266	6604.14138322532	1976.02400019355	714.241985184581	877.558146661671	511.580619186724	763.592381563033
PRDX4	2374.9520722228	2661.22259395668	2441.58762317607	4215.28319515843	1504.91553759014	2134.05310797423	6957.21336462391	3885.01828501129	935.849599803871	1587.76497687329	18148.4341984466
PRF1	134.720624629649	2383.60467207925	4891.27652544069	8447.14423088525	7966.11054969184	93.678567621762	269.256203679062	5757.04028116563	8331.17942352939	10795.9078482848	196.390759321555
PRKCQ-AS1	286.520966223988	4397.43995785234	1449.26711864909	1870.35813906395	2526.38670559174	34.7836031675741	156.150452826232	1485.01945112065	1183.26026908909	1622.13752224197	0
PRSS23	9.23698978702639	12.5661087857346	366.970705947183	441.411235893753	449.525288819023	10.8039979535647	259.881128073613	435.729257725579	1301.34263397522	997.26622661588	0
PTGDR	0	824.709065493395	139.445420907126	165.883328725463	716.589315567532	51.3848683157345	54.0326938120469	0	3183.91290844549	484.144237681681	203.116470257225
PTGDS	120.255150057513	307.171548095734	0	15.0039949448079	582.472490455873	9883.68178642262	67.2384454713344	62.6783782917081	1017.38266127286	0	0
PTMS	106.8353724424	785.84721054492	2026.69871325833	2839.84704319	857.91881877386	1938.79060837444	2463.12470261857	1863.17205902013	466.519057462815	2987.17457060522	410.268367075851
PTPN13	136.812018543693	579.437238453317	1211.39977519812	72.2919756431651	113.84335154827	0	418.24934072049	482.269515360784	356.308850235762	568.303025893779	1.79352291617859
PTPRS	951.409948063718	310.429428151295	247.17519602079	104.713195488939	14.8152306809392	9252.83371079252	34.3752772199776	183.662224761749	114.521150707023	207.314231035295	1955.16416899918
PVRIG	2395.34316288473	4494.4782423644	4111.14058597758	5390.73602989048	6146.76123462335	451.264548670232	156.251260090807	4876.83594548772	5778.53858641164	6465.73781670524	214.325988483341
PVT1	4048.76433476245	6288.17391866889	5615.91008476523	3036.99743830394	4306.35869700826	0	2528.14538826926	2888.5153636991	2752.44369579809	3777.89725105954	2702.83903468113
PXN	540.451043954129	5405.98654076667	3832.42211180351	1125.82423606845	4982.98587718642	428.207235964454	2882.58373051396	1838.4963519518	5586.98275004081	1484.18492984301	318.350317621699
PYCR1	138.380563979226	0	528.823920077952	1755.78217766724	128.268707737605	285.383653261233	599.904031484125	1749.6846298873	307.763878004798	317.676304954456	5123.19821006413
RAB27A	2097.14524730733	2609.56192450421	6452.41024256781	7996.18499820844	4457.24012525888	139.397924815505	2924.01551625416	6613.9224295722	4602.96304265641	8574.79404217434	2125.99722676519
RALGAPA1	1660.04391927219	4921.72594107938	2505.8807529639	1280.37587630413	6782.64653042892	1332.05389403096	1081.46033435754	1754.16165690814	6179.45633004883	2463.87954133769	1391.10121186102
RALGPS2	8304.22810136289	449.122036230884	556.230374866867	0	196.88661825985	555.088333882537	0	268.101036712871	410.85165687364	110.053799969666	4469.01072638799
RAP1GAP2	9.93412109170762	305.542608067954	167.713713896951	274.898368918857	410.537839658657	2458.43655872638	412.90655569803	388.14783101576	1696.63740785593	8.16925966161385	59.8588273274603
RASA3	2050.78601554603	4644.57343063845	2310.07111371731	1316.25955652178	4255.09020136238	375.37305085007	2305.05891176542	1876.18667245279	3737.775429459	1584.99051132783	1515.97524489995
RASD1	0	265.982635964715	73.0838794371093	476.770300903545	493.386169124435	4889.86312256885	437.301913725111	520.792771121468	596.597091162772	570.306806565495	193.700474947287
RASGRF2	87.8385443898358	1710.15432345117	738.595338179277	25.9159912683045	911.916435860968	0	0	64.5524826260117	492.197286017417	343.417179737277	17.2626580682189
RCAN3	2109.69361079159	6071.29218925584	3659.36500106092	2062.78699730715	3401.07012750455	858.917837308392	1239.62693247526	3128.92130302726	2736.88681280515	2787.2589143578	410.940938169418
RIN2	219.247795322249	13.0315202222433	22.2354255834602	62.8489019016777	316.578087182174	344.937398078443	5785.32891394285	185.744562910975	139.449649960761	136.565359626224	98.4195700252999
RNASE6	3132.03666910663	570.827126877906	455.56767300066	120.451651724751	0	11209.4113889686	6246.32053484302	533.286800016825	543.928607777055	157.527988191875	3812.58133906663
RNF125	382.550803443829	4945.46192434132	2137.70347353545	1648.97052134686	5206.18902362951	579.726719459568	660.489197493528	1392.56363729501	3774.88702985178	1380.75901978749	89.2277650798846
RNF166	2953.22248945589	10947.4078095574	6880.91619605992	3629.39293101992	9602.02391646081	3763.21694572822	3610.61379527254	2919.95866975241	7944.69396893384	6198.61843946794	2803.72469871617
RRBP1	723.099445780613	1258.937935756	1924.48470263049	1573.32100837338	1532.2067520024	6074.74548350065	2989.6410454923	1190.68095372753	1951.17050549936	1062.3120299593	8756.87563824195
RRM2	526.334135034334	15.5912831230411	274.236915529342	8227.22553575016	0	9.22292508231131	3700.63468253776	8688.24357692386	566.045622152552	203.923217590851	651.945580030916
RTKN2	515.877165464115	1120.71073911292	4853.1832769605	361.66972429897	0	46.3781375567655	235.788191840257	1648.89946346475	558.735761469125	1583.14086763087	42.8203596237637
RUNX3	1824.04405869846	5187.70857704409	3384.9557178914	3853.29870173474	7184.4121940265	767.215610775697	1004.54439148703	3518.7350045624	6556.94503303401	5080.97123557432	695.214320383724
S1PR1	1962.25033985151	9277.51157536419	1531.65885065602	972.741518414781	6193.93604810739	0	817.647722965508	2011.33041833757	5710.68808468342	1006.82271905022	133.16907652626
S1PR5	0	0	138.411215066035	150.354718572795	1342.72774908302	0	46.3713417043686	71.1118477960741	2787.49354061349	57.8013655302867	9.6401856744599
SAMD3	335.668723204015	4044.4253832605	2818.90038753417	3791.39410720722	5163.88764129052	75.8914978201617	149.194751570577	3073.63522516531	6595.55609202852	4668.96310207444	224.638745251368
SDC4	178.117048346056	1140.95613660105	5038.30612251582	2518.99238206257	1170.9880355316	610.689396521613	4000.13306558924	3267.29267304334	1882.38284214506	2342.72787918621	216.343701764042
SDF2L1	845.79455540451	1683.85857728843	3200.00523997626	5195.26440344169	2472.58402575043	2952.91709921087	5486.9394108017	5369.10068396479	1881.82054516941	2918.12120591837	14578.8752145222
SEC11C	4514.97089476803	5100.44393269871	8471.35241201795	4968.31586452127	2852.9065923098	8052.00886507559	5846.72053806886	6703.35885308146	3898.03006751875	6480.38082930625	19801.8381367987
SELL	10566.4191850535	12079.2884231465	9121.52315078394	2636.5061886233	7011.50285700028	12041.1874753204	1272.99413704949	4070.76284792226	7121.49119658483	4533.93911219569	1713.93533677316
SEMA7A	2404.05730419325	193.145746151106	448.15586447284	897.826466732314	168.035905881179	4569.56411006744	156.049645561658	616.684442893334	400.35544666154	542.253877161463	883.310036217953
SERINC5	431.349994771515	6212.07914879972	1980.33181804941	846.309253320421	2845.69391421514	74.5739370941172	1772.8973620755	927.473411665342	2256.49776327635	1974.03223559035	93.2631916412864
SERPINA1	198.682421834152	96.5728730755528	207.530638778961	0	357.125034308955	237.424442833214	9329.20830006694	61.7413261245563	355.93398558533	0	211.635704109073
SERPINF1	128.620725713688	0	0	228.312538460852	272.132395139357	14077.214065277	2516.25013104944	237.594782826707	250.971883464327	0	187.871525469707
SESN1	1711.80591864478	2068.05571812636	2279.21730612476	117.513806560733	1962.43325348704	1543.5223905611	1627.02925023589	511.942833987257	1043.62318680312	802.899501459369	882.189084395342
SH2D1A	615.915507685873	5346.64658261181	7988.37828422838	7756.43584821623	5976.38608179255	42.2936993060276	206.251663319865	7051.83814235447	4783.27293951428	10376.8094139466	307.589180124627
SH2D1B	0	93.5476987382463	0	141.121490914452	0	0	27.7219977580464	193.969798600419	3430.19898377942	562.445820853376	33.6285546783485
SIGLEC1	44.2678378472585	183.837517420932	0	5.56092120332039	0	264.434437717126	1435.19302575021	0	27.9274164571954	0	6.50152057114737
SIGLEC9	0	0	16.3749258172769	24.027376520007	308.390722858497	236.897418542796	5845.81327268768	0	378.800729261691	34.680819318172	0
SIRPA	294.015127749312	145.906485345474	21.7183226629146	95.8996599968838	56.3368640367293	265.75199844317	4466.06424245357	86.3129162854253	18.5558001963916	117.298237782795	4.25961692592414
SIRPG	97.4240998292028	7480.32531328589	9762.90313990064	6406.28614926667	5297.61459191057	358.508273556701	141.735013992048	5976.4146051866	2068.50314108462	9523.50712174478	153.794590062314
SKA1	147.966119418593	0	0	3027.13467239616	146.982683334581	0	1527.83490189437	3803.59886337654	219.858117478458	189.434341964593	202.219708799136
SLA2	311.443410366343	3352.35857717208	4985.90635990053	3723.82366843479	5220.02956808144	6022.9653469671	242.945507625062	3386.50653208654	5161.88623645075	5384.00452792777	338.527450428708
SLAMF1	4972.11474781275	5136.74602474639	5635.2152604656	2389.41242572104	2654.26553883774	663.391825563392	1400.01129041363	2818.96526951494	1829.52692643412	2640.21224044875	3602.96334823826
SLC15A4	2303.14754784064	485.424128278562	563.125080474142	655.34931765923	1191.45644634079	8081.52222533899	1413.92269292494	901.964769337321	1710.50739992192	976.457735024976	982.850558065865
SLC17A9	3231.3778800237	199.894211980482	0	1494.3139580696	304.297040696659	0	4541.46807635545	1128.10669234328	1501.89522195642	718.894850222019	9759.45494838577
SLC37A2	101.60688765729	0	138.755950346399	0	0	10.5404858083558	5897.22497762079	0	16.4940446190148	0	223.966174157801
SMC2	847.014535187703	533.826917675465	702.398133741086	5309.73544179683	749.533710108042	1126.51442076802	3229.76394970927	5141.18877353198	1196.38053185422	1405.72920969657	1238.20338325679
SMIM14	10747.4990414445	730.928661036895	488.662259915578	0	501.768470693914	6407.42956682688	2756.87707158929	228.120144247728	1263.66873660679	504.336181373595	1526.73638239702
SMPD3	673.080274669734	345.335285889447	623.453754537794	93.591353082298	400.20616563116	9562.85574963079	35.7865789240236	175.124638349922	309.450768931743	70.1323235100812	155.36392261397
SNAP47	980.68946286033	1854.89728020538	4231.28083118434	5078.6949042551	1938.26103500761	1335.21603977347	2780.46597149977	3428.98623033075	2127.54432352769	5958.62716978619	2018.16166142995
SORL1	5356.40837951828	9732.91666598794	3466.83034697778	373.945720162903	6655.15757167453	3309.05376346069	2313.82914378342	965.892550518565	6668.27983421236	1176.98993917138	350.857920477436
SOX4	1409.07664958695	116.352859127172	1664.72666887642	741.910826956198	491.046922174813	6278.44037174712	1738.52208485552	1004.41580627925	881.494225491209	1409.27436011576	618.989596446134
SPAG4	268.569835128446	429.10934446101	118.761304085303	627.334865559484	336.461686253961	844.951693612321	938.112404132291	185.223978373669	1066.48993047948	338.176522595864	9790.61740905438
SPC24	319.634703196347	38.3964435119668	0	4978.28355347062	159.263729820096	61.3983298336725	2623.20663876322	5636.88936995528	372.240597879128	247.081570520132	284.945953307873
SPC25	496.18320610687	0	22.9248961441876	3804.19471827901	0	0	1975.51996387068	5042.59006216612	240.663105577442	0	360.722296516418
SPIB	9782.66931576562	37.9310320754581	256.48304859061	113.211961856277	0	11785.844206613	57.4601408075872	333.902922228418	54.3553743126622	12.3309579797945	5.60475911305808
SPON2	379.413712572763	992.722594073032	1198.12746690412	995.929510602211	2748.03035406842	3518.28240675656	262.905346010855	969.953109909556	3462.43734371658	1705.21735163083	959.534760155543
ST6GALNAC4	2506.18704032905	1592.40523001448	3112.95958168442	1531.24686870298	1138.8233899743	8772.1875579315	3899.22499374995	1816.11121684761	617.402079261757	2125.08647084283	9843.97471581069
STAB1	227.090522499913	212.925732202725	87.9074964927494	40.9199862131123	203.904359108716	164.958602900768	5334.21640497101	0	166.814769442308	58.5720504040238	34.7495065009601
STAM	1022.5173411412	2068.05571812636	5943.40860111077	2057.22607610383	1384.63925693041	940.870114468358	2437.21723562287	2389.27479242212	2413.56605180742	2201.69254729231	1220.71653482405
STAP1	9309.49144271324	461.455439298364	426.265174169744	348.974036268748	38.9874491603663	4634.12458564362	56.9561044847136	641.464266869125	1224.30794831141	139.18568819693	2782.65080445108
STAT4	1808.35860434313	10737.5072516919	9986.98107213706	4075.00108857656	12250.6362751703	4990.65651811126	458.8746683441	3611.39905220297	10803.036928479	7691.58917687156	932.631916412864
STMN1	2801.94499634006	765.601813056792	2327.13551009531	9547.89186001797	1185.21845447514	6057.88070620728	5284.72003806482	9484.84203591034	1724.37739198791	4036.53909468573	1740.61399015132
SUSD1	382.027954965318	468.20390512774	130.999406538215	39.4510636311032	0	7732.89565722762	535.185767627158	59.9713386977141	500.444308326925	51.481749565642	0
SWAP70	10574.7847607097	955.024267715828	775.826748458559	301.548821478166	189.673940165182	1359.98618142311	3525.33084944233	893.323066018032	882.431387117289	105.429690727243	803.722456812529
SYTL3	711.596779253372	2920.92217552853	4707.70498864701	2852.64765426179	6475.62036829104	692.114649391162	929.039750320567	2618.01963811462	6082.74125023734	5358.1095161702	1163.9963725999
SYVN1	7130.43326710586	2560.22831223429	2630.15782153503	1865.63660219321	1828.90124011278	4113.55634278345	3930.27363123896	2790.74958759293	4701.55244572007	2768.60834041336	13057.9677816027
TBC1D4	809.020879082575	4198.47656874488	7191.52268366763	2821.69535699803	1371.18858697008	1485.81323076035	914.624311486383	1621.93318443227	1586.05233597844	3771.57763509489	0
TBCD	1357.1403673882	5635.43437896545	4334.87378293364	4355.25053261559	7612.68932305312	1373.55705690136	3164.74326405858	3855.55320019974	5209.68147938085	5559.41240519035	2124.42789421353
TC2N	880.825403464743	11302.2840298952	2670.83658461795	1933.10211792406	9310.39779674127	12.5168268974225	294.458019822741	2989.61288084403	8322.18267191902	3279.11000077685	60.5313984210273
TCF19	878.211161072188	326.020711274336	717.394118436908	4260.40010303443	475.451942510667	185.512550227062	2935.30592988653	4903.48987379781	781.780228476256	477.978758691784	1324.06829286884
TCF4	9383.21307818327	127.755439321635	731.873000212184	210.895313559887	275.251391072186	11828.6649302095	3761.01823401802	526.206850309456	586.288313275888	235.21302346458	7189.33660950186
TCF7	1760.43082714629	13695.8950478594	4425.02205874875	1628.40560519873	9463.61847194151	597.513789261169	574.803022605021	1871.70964543195	6031.75965777856	3151.94699661022	171.505628859577
TCL1A	8179.09303217261	0	352.491824171907	0	236.458879157622	10745.7617694735	0	207.60911347785	0	34.680819318172	338.079069699663
TESPA1	2135.31318623863	9212.58667997123	6390.53025974252	3266.46413022208	3387.81439479003	1374.34759333699	1113.61785175687	3563.92174240061	3153.73630408571	4822.63766589763	295.034519711377
TGFBR3	89.5813726515389	2858.55704303636	1606.63877413513	686.511461006138	3170.45936572099	166.80318791723	133.468818296922	510.485197282799	3616.31928271898	768.372819115944	6.94990130019202
THADA	3434.41737251211	2718.7009063655	6895.05034255483	2430.01764280944	2403.18636624498	1659.20422230781	1841.84953104461	2224.87419554071	1958.10550153235	3192.79329491829	1641.29765866793
THEM4	1799.81874586078	4406.282775146	3903.43757955844	1604.58807476186	3388.98401826484	2159.21851784168	2043.96809651691	2333.46813002286	2474.66898982786	1716.62348776214	1363.52579702477
THEMIS	90.9756352609014	5760.86276110454	2857.85547421527	3178.43369834311	6524.9394914789	96.0501769286421	149.194751570577	1920.43635812385	2293.60936366913	3956.8502787413	103.351758044791
TIAM1	766.321586670849	3875.7137375261	6273.66499969922	2174.32019049827	988.526773461087	163.509286102119	3170.89250719764	2454.03550886306	1136.21475545986	3591.54564858989	213.653417389774
TIGIT	862.874272369201	4447.00627584052	12034.0191669369	6776.97925514083	3996.01860169174	536.378971572705	268.550552827039	5120.26127513226	3201.34411469059	10722.2303743556	293.465187159721
TK1	1051.79685593782	50.4971408611927	943.368094715329	7118.92344762425	143.66875015595	644.814219326165	4926.95505608916	7346.38487356251	34.112683189326	635.969157807901	746.553913859336
TLR10	7505.14134337203	44.4467921865797	235.798931768787	5.24615207860414	88.5015095940315	1993.7328906505	86.6942475342543	64.8648333483956	0	0	326.421170744503
TLR2	143.783331590505	15.1258716865324	25.5104107469155	0	365.897210370038	20.8174594715027	5767.08279905483	122.4414831745	103.837508169706	108.358293247444	32.0592221266922
TLR4	172.017149430095	0	139.273053266944	0	185.19038351174	31.0944331346496	3791.56283518416	0	207.300151688981	0	3.13866510331252
TLR7	1202.37721774896	10.4717573214455	9.48022021000239	0	0	6641.03308355456	1091.94428987331	52.0584537306546	343.750884446285	92.1739108989638	809.775596654631
TLR9	2651.01606887657	37.4656206389494	350.94051541027	27.0701447255974	133.142138882651	6768.96823005348	122.581633722853	290.902639446898	247.410669285221	504.0279074241	1249.63709184743
TMEM155	0	400.253835397472	0	1515.82318159188	43.2760685680066	31.8849695702763	0	1880.97605019601	0	1700.59324238841	0
TMEM173	403.813308236606	7734.43995761963	11068.7603819184	4059.0527862576	5161.9382688325	1513.35024993468	5949.24152614134	4523.46316156404	6308.59720212271	4799.05470876127	464.970816019298
TMEM176A	0	171.736820071706	125.828377332759	69.7738226454351	34.8937669985278	0	4087.83538576924	0	249.84728951303	0	22.6432268167546
TMEM176B	167.834361602008	0	21.5459550227327	179.523324129834	91.8154427726626	0	5364.25696981427	0	184.995704988268	0	63.8942538888621
TMEM2	4229.49562550106	6600.93040400272	7920.98253691727	4729.82579102793	8632.99086757991	337.954326230407	2372.70058629505	4119.80191133654	7957.43936704854	8548.74489344203	382.020381146039
TMEM63A	3224.23228415072	7538.96715428599	2229.74779339256	656.713317199667	2869.08638371136	3654.25467368435	2699.61854531085	747.663512479661	2434.3710399064	1638.32190459045	2045.7370762662
TNFRSF17	2291.47059848722	0	0	27.3849138503136	101.367367816952	2501.25728232283	0	133.790226087782	0	0	11426.3103086092
TNFRSF18	154.763149639235	2881.12949770703	13205.9467525333	2388.15334922218	976.05078972977	211.863764747951	583.170025564722	3975.07940996532	4456.01609968701	5188.09643302378	1924.67427942414
TNFRSF21	98.644079612395	0	102.903481188571	0	8.38230156947875	7579.66334478865	1981.46759248058	184.703393836362	0	6.16547898989725	0
TNFRSF25	1020.25166440099	10770.3187579658	7358.89166228422	1142.40207663684	4303.43463832123	71.9388156420282	442.342276953846	2293.7995882801	4816.26102875231	3226.08688146373	11.2095182261162
TNFRSF4	0	2891.13584359197	10677.830573986	598.061336960872	470.578511365621	789.350630973244	460.084355518996	2729.00826146837	1921.93106276565	2292.78749936804	710.459265171242
TNFRSF9	0	486.587656869833	4716.66810593646	5967.81275853693	832.771914065424	12.7803390426314	921.479205477464	3360.99788975852	1026.94170985888	5697.3649975893	183.163527814738
TNFSF4	395.970581058943	0	722.048044721818	1041.25626456135	115.012975023081	148.752605970421	66.1295655610126	508.298742226111	274.588356441552	881.201084631064	80.7085312280363
TNFSF9	1661.61246470773	550.814435108032	898.897243548408	1639.73729368851	4015.31738902612	5047.04811718596	710.388793458012	1124.15024985975	2315.53894571941	3441.1079612364	194.373046040854
TNIP3	0	579.902649889825	2377.81159630878	2450.37271287442	1152.85887167203	9.88170544533355	511.4960604521	1677.73984683154	714.866888374116	2558.05723290837	36.094648688094
TOP2A	1074.10505768762	175.69281728203	1111.77127917301	6243.44558874679	182.461262070514	117.394660690563	2499.21370333632	6534.89769680907	543.741175451839	1135.83536691382	382.244571510561
TOX	3050.29802363275	2623.98967903598	4346.42241482582	3659.40092090954	2322.28740923722	7.37834006584905	94.0531778482084	2908.19345920929	2618.99188024424	5595.018046357	927.027157299806
TPD52	9361.25344208582	2365.22092033715	1580.09415754713	1737.94526059998	2712.55177533248	2465.41963057442	2343.76890136211	1700.22909884318	2542.7069238813	1207.81733412087	11737.9349152953
TPM2	0	476.814016703151	47.0563657696482	82.6793567588013	35.6735159817352	6428.9058066614	421.878402245179	277.471558384389	0	214.096257924182	0
TPRG1	39.2136358883196	1818.5951881577	869.250009437128	148.571026866069	1487.56612271378	0	823.998580633715	109.73922046422	917.856096583128	274.672088999922	314.987462153864
TPX2	969.7096448116	48.4027893969036	808.921335373477	4958.45309861349	78.9495845497417	291.312676528433	2483.38696279809	5452.4983268413	198.678264729041	1427.61666011071	234.727311654872
TRABD2A	291.400885356757	3812.65048787917	1124.35411690628	695.954534747626	2339.05201237618	642.310853946681	361.394043500351	892.281896943419	923.104201689178	605.758310757405	0
TRAF4	1900.03137090871	1030.42092043024	571.398727202871	753.662207612272	1102.75999950096	5469.062817738	247.481834530924	1124.67083439706	700.434599332478	411.699859550389	1044.72709867403
TRAM2	729.025061870403	538.946443477061	399.375822301373	277.941137124448	363.947837912019	298.954528739491	775.006250050404	338.900533786561	580.290478868973	17.5716151212072	6010.76786320801
TRDC	137.683432674544	2033.1498603882	195.120168685867	1491.27118986401	668.049941362877	136.894559436021	59.6779006282309	3964.87595303411	9276.96293656971	6454.17754359918	121.286987206577
TRDV1	0	1965.66520209444	0	1174.29868127475	352.641477655513	0	0	3616.81313139096	905.110698468434	4773.62210792794	0
TREM1	89.5813726515389	0	206.151697657507	0	263.750093569878	0	7339.37370462665	170.95996205147	80.9707644933451	0	130.927172881037
TRGC1	98.8183624385653	2713.1159691274	231.834476044604	1749.59171821448	3561.11360630786	0	13.7097879821611	2267.04154306254	4888.04760931006	3858.66502582719	19.7287520779644
TRGC2	223.604865976507	3817.53730796252	1071.78198665082	3319.66011229913	6532.73698131098	40.053846071752	89.5168509423463	4205.80247689958	5836.45517490341	7160.74143584141	299.518327001824
TRGV2	236.153229460769	218.510669440829	318.018296135535	784.929274000752	1286.97569678369	59.0267205267924	0	1178.9157431844	827.326283503762	1254.98324839358	0
TRGV4	525.462720903482	2201.62880040435	310.089384687169	657.762547615388	2084.46396935898	589.213156687088	56.1496463681159	1258.35694357738	1089.35667415584	1549.23073318643	161.417062456073
TRGV8	0	270.404044611548	64.6378650681981	745.688056452793	1395.36080544951	0	233.872853813337	1586.53343589543	387.797480872063	1964.93815408025	0
TRGV9	275.715431001429	467.971199409486	211.839829783508	801.297268485997	1023.61547770542	88.9353490080019	59.6779006282309	587.844059526551	3076.7016184219	848.678182959356	59.8588273274603
TRIB1	1562.27125379065	67.0192468572511	825.468628830935	995.824587560639	562.393954138284	1842.08165108278	1917.05175041734	1768.11332250795	1118.40868456433	1164.50484421684	5596.01568884171
TSHZ2	322.771794067413	1565.41136669697	2076.34059363071	530.385975146879	172.909337026225	1.58107287125337	64.6174565923919	983.280074064603	376.92640600953	796.117474570482	148.189830949256
TSPAN13	3596.67468367667	0	1348.94915206325	307.949127014063	42.4963195847993	11642.3618435468	106.553278655473	414.072940973626	0	315.364250333244	3221.16715745674
TSPYL2	2985.63909512357	6784.5352157054	5637.97314270851	3311.16134593179	6867.44423235272	4733.60042045998	845.571335252704	2242.05348527183	6515.14762451083	5531.20533881157	1485.93373605396
TUBA4A	6749.45100909756	9744.31924618241	7197.72791871418	7386.68704971621	12665.2677969908	774.72570691415	1689.63056153679	7397.40215821855	8812.13077003385	9046.76145885098	7496.92578962649
TXK	219.94492662693	3091.96087844547	1200.71298150685	205.01962323185	3115.87693689647	27.405263101725	197.179009508141	541.199684983885	3837.48942647395	1371.66493827739	183.836098908305
TXNDC5	2201.54066018335	57.2456066905686	575.8802858476	997.92304839208	322.426204556229	4186.54920700631	1746.9898950798	926.53635949819	440.840828908212	492.467634318043	14047.9924313333
TYMS	454.355327825996	240.850418393246	1142.96982204592	8091.24527387275	288.896998278314	408.970849364204	4357.8980475649	8414.31199339316	985.144301335699	1430.54526263091	819.415782329091
UBE2C	833.420474746419	0	137.549376865126	6856.72076673562	0	92.2292508231131	2962.92712038	7475.80218953692	177.310979654409	455.320623403912	404.887798327316
UBE2J1	5766.67015232319	1799.97873069735	2175.62435437546	2254.58631730092	2379.20908501135	6692.5497079429	2897.60401293559	2306.91831862023	2183.96145341773	2201.07599939332	10575.507875247
UBE2T	783.40130363554	447.958507639612	819.43576142457	6663.34760111827	1170.7930982858	335.450960850923	3200.9330720409	7321.9174003091	255.09539461908	1326.96521560063	1102.56821272079
UHRF1	371.396702568929	284.599093425063	324.568266462445	4746.19378551317	278.175449759214	462.595570914215	2895.28544585037	4813.42874884378	353.309933032305	338.638933520106	17.4868484327412
VCAM1	57.8618982885427	30.9498605278278	158.233493686949	4151.80475500732	815.032624697457	47.8274543554144	419.459027895386	2420.40574775305	732.485526944428	4017.42610981705	121.959558300144
VCAN	0	185.699163166967	44.815586447284	0	43.4710058138084	19.1046305276449	5143.89228945395	0	32.2383599371652	8.93994453535101	138.325454910273
VDR	92.0213322179232	711.846792140039	4594.6318166877	1857.13783582587	523.796379469521	297.900480158655	2136.1059363382	2500.36753268334	614.028297407867	2347.96853632762	1565.74550582391
VIMP	2775.10544110983	2881.8276148618	4161.81667219105	4395.64590362084	2816.45332734486	10598.5902363743	5353.87382156308	4833.00272744651	2831.54013703927	4078.92676274127	14931.5266579158
VPREB3	9492.31412736589	0	0	0	0	0	104.033097041105	354.101602275912	0	0	2231.5908884552
VSIG4	160.863048555195	38.3964435119668	0	66.5212083567006	191.038500885795	151.38772742251	8190.79186122469	0	345.625207698445	171.092041969649	41.2510270721075
WDFY4	9749.20701314093	212.69302648447	149.09800875731	17.731994025682	321.061643835616	8838.72437459674	4098.62176307874	272.161596103862	298.392261743994	4.00756134343321	1807.64690914349
XBP1	2156.40140820524	3904.10383515313	1993.94886162378	1731.1252628978	3356.62443546174	5264.70914912851	3562.62953733498	2237.88880897338	4613.27182054329	2049.86762716609	17475.4147241506
ZBTB16	185.78549269755	424.222524377669	868.215803596037	0	346.013611298251	0	228.026032468004	76.8382777064461	1894.00364630845	365.767041075654	16.1417062456073
ZC3H12D	3237.30349611349	7851.49093390157	7712.5900599374	1967.83164468441	4733.27126531427	346.386714877092	525.205848434262	2695.17026654345	2206.45333244365	4097.42319971096	140.567358555497
ZC3H8	1756.24803931821	3756.10299834337	3168.80669710334	2673.75386838139	1838.64810240287	1231.78752277898	1583.48051193961	1893.78242981375	2238.87912470604	2461.10507579223	964.466948175034
ZFAT	1712.15448429712	348.127754508499	778.239895421105	556.092120332039	667.660066871273	9522.80190355903	530.649440721296	565.771275144754	775.032664768477	414.320188121095	2669.88305109635
ZFP36L2	4123.70595001568	15115.8653406474	6627.01866207203	4572.54615171137	13897.4661277042	5270.3746602505	3358.19240477746	4832.79449363159	11433.3718381807	7242.89644338179	5542.6583820854
ZNF683	24.7481613161839	869.621269116484	198.912256769868	972.321826248492	4354.70313396711	0	0	507.882274596266	2601.93553864958	1028.71016946436	0
ZWINT	430.130014988323	301.819316575884	545.37121353541	6852.20907594802	329.249008159293	0	4323.32115581577	6874.11058131801	180.872193833514	465.801937686737	766.731046666345
