geneSymbol	B.cells	CD4.T.mem.cells	CD4.T.reg.cells	CD8_B.cells	CD8_G.cells	Dendritic.cells	Monocytes.Macrophages	NK1.cells	NK2.cells	NK3.cells	Plasma.cells
ACE	248.372342678654	832.31683264454	87.9043399334079	0	460.016588634319	0	3156.18571828498	0	421.484153279149	21.4876655481025	54.9252413566535
ACTA2	1015.92169784019	1246.19950115608	4565.76057284328	1580.85003420653	1501.02478300431	903.855556498411	797.245412288804	1696.11943051985	1120.59863346423	5161.29471482145	627.277055493743
ADAM28	12614.4452869479	629.623560968801	516.895832212591	76.3950191501238	638.104274753474	1468.83415674005	3016.09863212793	655.783446584694	1115.81190368999	1087.78647472721	6054.60954954886
ADAP2	499.978173951986	0	64.0969145347766	6.71749306320055	39.4596622304834	526.958258807954	5405.01734916013	0	187.942126925431	0	162.979104025584
ADARB2	71.5409351572365	2729.683640711	1072.24981314605	170.835068685708	738.051445534633	0	20.1734420129624	118.176444202385	955.582422825949	444.007504939504	13.8596403423331
ADCY9	0	602.011154198603	46.470263037713	45.310149289039	1147.70504421689	116.999794653422	181.110174943188	51.8698771309928	389.740576881556	87.0144080116229	0
ADRB2	964.590066399688	1129.07434716381	326.665346575451	427.812107240693	3096.28546988799	1882.28241068801	2440.64838118834	419.558316497981	4218.36859683567	293.381096938944	1737.07492290575
ADTRP	0	1620.63587428162	4497.08530727031	436.637049108035	109.033277215809	1136.5694337761	160.936732930225	788.141064091366	590.279361107619	1127.35781920193	233.817265775286
AFAP1	0	2327.63486081526	1370.30046573276	165.829877775872	765.569367879575	66.8570255162409	1603.50688804709	478.071626167919	1096.161118301	682.286568443214	2.05328005071602
AFAP1L2	1245.70148109945	121.98008265516	880.416904645538	3387.32880600644	903.937788727257	0	103.459328312288	1938.98799314551	300.808176339094	5058.96236701316	142.702963524763
AFF3	7344.26306369811	2126.45875434668	1719.39973239538	242.488328026514	0	6417.17241067699	18.2575285256978	481.137825801278	801.399337466213	1271.38900312337	42.6055610523574
ALG5	2537.88436074739	3160.25512650124	4237.95063850828	5983.04715495729	2046.45077212434	6667.15156377481	5632.78565255788	4729.48517613848	3111.37435325612	3877.35351103136	13096.5901434858
ANK3	1052.29844453031	5562.83794854989	1140.23832606329	149.628865094036	3590.82926297399	302.325999999265	121.153352871143	184.994044546004	3526.30824473894	1012.68601989077	0
ANKRD28	1854.40570904746	2444.15314872467	2335.41686458497	2552.64736401621	2471.680553266	1416.11996354455	2826.08509450863	1346.95594727108	3336.35065264541	2366.62169858507	10698.6157042558
ANKRD36BP2	662.460975834523	740.680054132455	485.305210049023	139.750198824623	246.363285899531	220.040430133123	31.8943245232869	242.357529353432	444.4100695663	182.964280904635	9825.9716827015
ANPEP	83.4644243501092	77.0719925234098	0	0	0	155.754828675199	6919.37790965273	0	0	9.57371237291695	72.6347817940791
ANTXRLP1	0	4045.36930835472	2468.41796224463	1032.91334512978	1863.17102518539	128.02018347478	38.9944745055027	1411.72941452579	1571.30703168085	3665.88084217182	0
ANXA1	332.240953103098	20196.806670672	4097.6241791875	7518.71875542503	21030.4423506017	1978.7108128749	10216.1015172682	4852.77195306313	15953.4145381045	8927.38041316313	575.175074206824
AOAH	250.99955216183	3301.65492380796	1125.12976763724	2435.02537763507	10210.1876021376	239.509783717522	5741.42921736512	1873.06470102829	9521.30938725576	6064.84041366096	475.847651753437
APBA2	120.447450151731	1407.62587919724	0	213.774338070088	3462.32575768393	0	25.5830800946506	115.238002887082	2143.19527312954	445.071250758717	61.85506152782
APOBEC3H	83.2623313129419	600.493988991449	3445.43807379615	1421.07907174256	897.447712702507	0	139.748983776946	3335.89744277673	1226.41055478954	3138.47566500602	0
ARHGAP24	10031.8983649865	98.9191715064237	752.223075575985	91.9374540806663	386.548928034143	4272.42107289363	1079.78630126365	364.111206461402	819.28659083311	338.05842134589	222.267565490009
ARHGAP26	1013.29448835702	2164.38788452552	2598.67204928137	2314.24221804772	6810.16657429125	1032.05941312021	3140.7457095935	1614.99289855389	3631.36436662621	3312.92997935695	1091.5750069619
ARHGEF10L	0	0	0	53.0813667543102	0	0	5349.45585802946	0	26.2010471853147	0	46.9687811601289
ASF1B	299.50188108199	253.670022636105	941.537891005486	7471.43287288211	54.2570355669146	108.918176184425	3170.16061666268	7550.13332219281	304.587173529284	527.830675493488	834.658340616061
ASPM	393.475143364801	0	375.424785132263	4053.15091256485	3.89404561485033	69.4284495745579	1253.12012146441	4751.58736516227	509.660754383574	559.317551742192	329.551448139921
ASTL	488.458870833448	565.599189226913	857.296231902637	630.785770189557	1259.85355792458	90.3671883351388	444.830031425489	252.961469752132	2570.97775505901	1065.87331085142	167.855644146034
ATP8B4	142.677684240138	0	316.821891843324	828.754242228585	496.880220454902	0	2551.65866265632	393.878894568598	2488.84754945889	2532.35329721845	11.0363802725986
ATXN7	2181.39224318421	9517.17734447539	4443.7475176753	2147.22690031952	6915.5654089332	1140.24289671655	1309.24511656192	2233.34315794799	6047.90710317947	5644.66081507183	618.5506152782
AURKB	797.257031625135	0	0	7175.86317810129	0	0	2952.98618784157	7894.69750599155	189.453725801506	1078.00001319045	530.259573097411
B3GNT7	1806.5096592388	0	0	49.7884779978393	1018.16312676287	842.325052245827	2364.46264487123	215.145007607369	4247.59284177314	1087.36097639952	114.983682840097
BANK1	12780.9699495737	0	22.4339200871718	0	264.275895727843	1132.89597083564	331.227631710036	341.881259119548	407.123963956429	18.5091772543061	1103.63802725986
BATF	1877.64640832171	7004.75176142881	18429.2364340597	8102.61378972245	4191.03149374292	573.97858444575	3024.21308925046	8288.7041588782	5294.12313030965	9890.70862704242	856.987761167598
BCL11A	14161.8716725381	105.291265376469	496.751087644519	10.1420973699302	43.3537078453337	17507.540701051	1494.75062244648	442.938088702345	366.310794302381	0	339.047868374482
BHLHE40-AS1	0	1021.3556174559	4585.67639985944	1039.36740709246	402.125110493544	503.999115430124	474.019536907932	2097.02503258157	1353.63679352592	2753.18692928707	9.75308024090108
BIRC5	944.178669645788	0	407.015407295831	7057.71432951911	0	13.5918128796754	3310.58580519983	7441.41099352661	160.985280302078	738.665096861503	859.811021237332
BLK	7405.29516092264	300.702144057871	72.7957815073534	34.5094741678146	161.473091495794	1431.36483474743	0	227.282047822749	95.4826623387911	291.46635446436	547.712453528498
BLNK	12528.9599322261	0	385.497157416299	113.143657672339	239.09440075181	12450.4679440767	2979.02007110969	452.264445920479	645.7046532304	0	9311.62502999714
BUB1	839.292383355941	0	173.519504347717	6040.73856597066	491.947762676092	338.325936815703	2458.00430336709	6089.8557468055	600.104753802112	1126.29407338272	1426.25965522861
C11orf24	2755.33646873944	1504.42101941365	907.429175770908	2917.89458488395	1403.41403959206	5187.84803765446	4358.8158843203	2632.71566019303	901.164863287219	994.60234096415	9206.90774741062
C15orf53	0	312.53603267367	1229.28725375625	9.87866626941257	0	39.8570729039129	10.481173783271	106.678195577288	69.0296820074638	168.284588599496	0
C16orf45	466.228636745041	859.322373331877	2158.00576185478	2369.03588695539	1727.91784082959	45.91828675566	692.208272869358	2099.32468230658	704.908942543371	3780.76539064682	140.136363461368
C1orf186	2232.11759551321	156.874882419696	0	10.5372440207067	76.5828970920565	9570.6566719087	14.2002999644316	147.56085735541	26.70491347734	78.7171906217615	3458.75024543113
C1orf21	0	92.547077636378	385.954992520119	1450.97850165132	1367.32921689445	1547.44626366574	2098.93957569504	1343.25095604743	3254.72431333732	568.040267459739	48.2520811918264
C1orf54	420.353517308056	558.620229274006	495.606499884969	215.091493572676	0	815.876119074567	6908.55863348936	195.853501580818	446.173601588388	190.835999966811	195.83158483704
C1QA	171.172802480732	250.332259180367	420.292625306606	162.141842368625	239.87320987478	172.652758201282	9083.00774074129	113.704903070403	757.311036914	407.840147086262	0
C1QB	215.026991546044	451.811798690383	318.653232258604	0	228.9698821532	164.020120291217	8563.56978410585	123.031260288537	784.01595039134	630.163023301778	284.892607036847
C1QC	184.510942933777	203.907003841462	359.400556498569	78.2390368537475	75.2848818871064	0	8470.25352719673	95.6909802244177	448.189066756489	374.013030035289	26.1793206466292
C5AR1	540.800967459788	0	179.013525593555	149.102002893	229.74869127617	0	4228.98457035978	0	0	129.564240780143	13.3463203296541
C5orf17	0	2585.5529460314	1172.51570088259	70.731250488994	969.876961138723	128.938549209893	1529.23706521724	102.206654445306	670.897967831664	217.642394610979	44.1455210903944
CA5B	1517.31452305235	3815.36706295022	2462.92394099879	1614.83264617331	2915.60175335894	373.040161602982	1397.94064094294	1183.55305847664	5181.25708089599	2110.47170531858	356.500748805568
CADM1	0	509.160643520794	2769.21562545426	3853.73356947297	493.505380922032	0	1451.47351779298	4340.71661429214	682.486892548246	6420.55701560579	6042.80318925724
CAMK4	1553.28708366813	10489.3768092195	4814.13611666554	3988.21514628724	9880.75134312123	237.673052247296	167.811481325704	3814.86337717105	5610.29922855551	5222.35372484427	1013.80702504103
CASC5	2251.92271315561	719.743174273733	328.03885188691	4896.13043422139	59.9683024686951	279.917876062503	2054.87356548795	5608.84567932228	351.698671833648	623.355050058814	490.733932121128
CASP10	2794.13833187557	3774.10016931564	583.281922266467	343.51415507504	1365.25239256653	3944.93185175226	2074.48350353407	1009.80174591962	2397.64775060231	1394.78351815208	7677.98408964621
CASS4	143.081870314473	1644.91051759608	807.621123138185	1012.76086594018	4540.45718691549	601.713229646168	1039.8902204112	871.43948746429	2628.41851234989	2913.81254798823	9.23976022822208
CAV1	0	522.511697343747	1062.17744086201	2464.66137644331	279.073269064274	0	101.76881641176	1602.08930843017	0	3920.75434045525	5245.10388955407
CBFA2T3	1789.93803019108	0	0	0	27.5179223449423	6245.2543450638	254.703793012821	91.6027140466055	97.7500606529049	0	1246.8543107973
CCL5	805.744939186163	8897.26364083238	3588.74046129176	11691.0722409741	22834.9430885233	478.652221141	5636.61747953241	7386.47491676226	19110.6407239349	16974.1920371817	716.338077693551
CCNA2	411.461423672693	168.708771035496	403.810561569092	8229.85101127248	290.236199826845	390.672783717155	2963.58006241821	7815.35959047838	553.749054935786	2195.9968691833	685.282216926471
CCNB2	1035.72681548259	0	530.630885327186	6986.7196479296	0	46.4693061967279	3923.11461715766	6853.59497214805	0	994.60234096415	367.280469071828
CCR4	120.245357114564	7594.62559397018	6741.85082129895	451.389190737025	1482.59296709402	7.89794532197352	97.7115878504938	1604.6444747913	1073.48713515987	536.127892883349	12.8330003169751
CCR6	6917.03838312636	3053.14326287618	2370.899085131	0	443.661597051948	1091.2021664615	346.78034119489	469.639577176181	728.338725122547	166.369846124912	519.993172843831
CCR7	6764.45814006503	13591.6762248075	5111.0421814927	1672.65577273694	10680.5883124115	2493.73031712638	100.97991085818	2520.03282366708	6305.38277840439	1716.46025388209	0
CCR8	0	1125.73658370807	8487.34715461206	0	248.959316309431	27.550972053396	265.861171556303	856.619522569721	217.670238154922	728.240387833216	26.6926406593082
CD14	129.945822898596	54.6179474575345	254.327400171917	207.320276107405	398.231064878694	163.101754556104	12345.9211103462	216.039315833765	955.330489679937	36.3801070170844	238.180485883058
CD163	212.601875100036	558.923662315437	133.230015211571	105.767586857844	288.159375498925	297.183151882631	9277.6420108887	97.3518383591539	519.738080224079	218.067892938664	112.417082776702
CD19	16749.4709204287	74.0376621091024	26.5544360215503	47.1541669926626	28.2967314679124	0	61.8727355593092	498.001923784753	0	0	6559.20312201232
CD200	1204.67659455448	275.213768577688	4861.52204991089	2257.86796253694	322.686579950597	147.673210206202	90.836839455015	2035.57328159632	482.200041468196	3467.59862147052	262.563186485311
CD200R1	1284.30125119841	3660.00934573768	2969.06064827162	1928.71080244011	2867.57519077578	506.937885782486	347.343845161732	2319.45226431816	1605.06607324654	5338.51476830233	98.8141024407083
CD22	16748.66254828	75.2513942748254	63.1812443271369	0	49.0649747471142	257.693425272764	319.281347612975	273.275042323137	153.175352775686	0	611.877455113373
CD24P4	6053.69692834751	0	358.713803842839	0	200.153944603307	124.714066828373	0	426.968298945266	0	319.336494927741	0
CD28	416.311656564709	14029.2266705506	12735.1412478525	5075.79044477443	7796.13892397135	63.7345820168561	781.918104390688	5737.62606392336	4010.52375137524	8673.35791153507	5.13320012679004
CD300C	0	91.6367785120857	0	0	31.4119679597927	414.917639124144	5208.01636235198	16.353064711249	232.786226915681	241.47030096135	75.7147018701531
CD33	0	25.4883754801828	31.1327870597486	0	0	753.059902792824	7236.85604457181	128.013834692746	263.522070729223	118.501284260328	50.8186812552214
CD36	104.077914141177	0	12.3615478031355	0	119.6770018964	8818.51513485099	2005.62331878591	3.70499122364234	129.997503342523	0	78.2813019335481
CD40	13257.9095172887	511.891540893671	1304.83004588652	67.0432150817466	280.890490351204	4189.03346414535	6384.95074749928	683.762518239097	974.225475630885	187.43201334533	3791.38161364713
CD40LG	813.424474598522	9071.43420661363	4385.14462438636	166.356739976908	979.482273655354	85.9590328065955	9.57956743632293	1113.79701681772	1416.11621373706	1939.42137758913	20.2761405008207
CD5	87.5062850934559	13836.5466892421	12499.5850869372	3789.58809649692	10543.2583037278	1468.28313729898	267.100880283357	5248.43946408452	6098.54566552801	7019.02041349502	23.6127205832342
CD6	708.740281345843	13440.2631371335	7519.25482758502	5396.64952520496	9477.32821742274	193.40782381484	223.598374043114	4549.09043104251	6939.49850691821	7679.81931639013	157.332583886115
CD72	10171.9488397435	588.66010037565	1112.08146717837	2203.86458693081	1643.28724946684	2863.64803522998	1268.44742936252	960.23151851365	2006.39557484468	2728.29527711749	93.1675823012393
CD79A	18863.7682752733	367.760846214066	2605.99741094249	486.162096005357	597.346597318041	1179.73262332642	0	1031.13738503508	1028.89496831563	2396.19383235919	17389.2287495139
CD79B	19107.29038506	3892.74248851506	5566.81702734535	2171.98942376818	516.090845488164	152.632385175814	322.549670620661	3109.25418654426	2958.95479991847	4715.79796573505	10039.2561479696
CD8A	0	2604.66922764154	1382.66201353589	12062.2466616035	23830.2611476791	134.632416767595	138.509275049893	1296.36365332065	3022.94581900569	6645.00738345973	309.018647632761
CD8B	0	2113.41113356516	1786.24365755308	8511.32714217561	16295.8020890257	24.4285285540111	127.464597299779	1263.91304053426	1561.73357213236	6823.50393192367	158.102563905133
CD8BP	0	317.087528295131	637.535382069117	2484.81385563291	3864.19126513648	0	34.9372459442366	458.907878459424	393.015707779721	2375.55716346646	0
CDC20	640.634927820451	0	0	5686.29202022413	381.876073296323	0	3605.97458461869	6156.54558883106	213.63930781872	1068.85179914522	581.848234371651
CDC25C	0	0	0	2581.22963842237	160.953885413814	0	712.269014088952	1971.05533097773	194.996255013785	0	107.797202662591
CDC45	0	0	260.737091625395	5358.58373118015	0	0	2493.0542501047	6016.39471392294	115.38538087379	206.579438091163	241.773725971811
CDC6	453.092589329164	0	465.84721813668	4869.12874641832	156.021427635003	202.224134871927	2219.52942459934	4465.02545776125	0	321.251237402324	965.041623836528
CDCA3	511.295384033357	193.286847391386	167.796565549969	4830.53609019249	244.026858530621	100.285538274361	2482.34767473469	6256.32483523329	297.784978586942	380.182755786724	775.113219145297
CDCA5	331.432580954429	0	0	6906.63659337223	61.2663176736452	129.122222356916	2844.11722144759	7215.53428720249	382.938381939215	314.230514995518	391.66316967408
CDCA7	2922.66950351399	986.157384649929	1466.21691998301	7659.12753200095	643.036732532285	0	2511.42447942377	6271.14480012786	367.822393178457	2748.71919684638	13.3463203296541
CDCA8	727.332840765237	0	0	5520.9890046493	0	207.734329282606	2160.13610649414	6269.10066703896	356.485401607888	413.371625346169	360.093988894322
CDH1	0	235.767473191691	405.184066880552	384.872837856314	211.316875365878	5360.86814214979	0	498.51295705698	91.9555982946141	420.179598589133	315.948467803927
CDK1	1047.24611860113	323.156189123746	374.509114924623	8583.90241036823	357.47338744326	302.877019440333	4305.73381064373	8793.73279015607	365.554994864343	855.251638647247	733.277638111958
CDKN3	779.47284435441	404.172811185756	1228.82941865243	7865.13065260577	0	181.652742405391	3205.43596498702	6397.49777668587	519.486147078067	2648.30159151267	1203.73542973226
CENPE	702.677490230823	709.426450865088	357.569216083289	4096.88047525078	196.519502029447	119.571218711739	1835.55782159284	4998.41643564769	169.80294041252	1455.20428068338	626.250415468385
CENPF	494.117475874133	430.874918831661	779.693181805175	5283.76929863313	762.713734428685	293.693362089201	2193.27013974448	5785.91870814877	1235.73208119201	1685.18612679723	374.723609255673
CENPM	2186.24247607623	1028.03114436737	2192.80122974509	8301.10912396251	626.941343990903	0	3809.28681585547	8618.44837778237	851.282100376716	2195.14587252793	2330.47285756268
CHEK1	634.370043668264	232.126276694522	676.680283445713	4779.95731889309	292.053421113775	445.95840097097	2692.30925278022	5656.37177363934	690.044886928625	542.723116962469	537.446053274918
CHPF	0	251.84942438752	2087.27023831462	1523.94891649471	204.047990218157	1781.26217982556	455.423906002129	982.844740809673	634.619594805844	1260.32604660356	6678.03670494751
CIT	306.979323457181	0	513.004233830123	2635.89159177979	278.554062982294	0	1923.23903883354	3420.09017437605	330.536287568586	288.700615334407	184.795204564442
CLEC17A	7247.25840585779	79.8028898962866	0	72.4435526423588	36.3444257386031	0	46.7708292479296	159.825655888847	21.6662505570872	0	1317.94913255334
CLEC4C	0	0	0	0	202.490371972217	12383.4272454134	0	62.9848508019198	0	0	0
CLEC5A	0	0	0	0	161.732694536784	100.469211421384	8267.73020151353	0	150.404088169547	0	59.288461464425
CLEC7A	112.565821702205	43.9977910074584	1276.90210455351	0	311.264046147037	245.387324422247	9013.58405202629	139.256566681729	1015.54251157696	577.613979832656	211.48784522375
CLIC3	316.275603166879	514.925871307978	225.025953527448	916.476798700969	1491.67907352867	15291.1568359288	121.829557631354	471.044918674804	3305.11094253984	3065.92820013569	944.508823329368
CLIC4	5379.11037028295	0	796.404163094599	311.507276362143	0	2017.09850060263	5139.49427998393	973.13510863737	169.80294041252	306.99704342487	7803.23417273988
CLSPN	222.100247846901	353.802926308252	733.451836319372	4741.232947117	15.0569763774213	6.61223329281504	1896.30354921847	3912.85400712048	625.801934695402	891.844494828174	347.774308590025
CNR2	5939.3122693108	916.671218162288	319.797820018153	165.698162225613	315.677297843867	2568.11794167055	0	292.438790031632	582.217500435215	558.679304250664	0
CPNE5	8593.19803339224	465.769718596197	621.740070987333	7.77121746527122	92.6782856334379	15.4285443499018	49.1375459086682	505.156389595925	94.7268629007532	211.047170531858	8178.72776201458
CR1	4288.01006261651	843.240422136047	0	0	173.674434422325	0	1219.30988345386	64.5179506185994	266.041402189349	0	242.54370599083
CR2	8234.88707849455	129.86934173236	417.545614683687	39.5146650776503	324.763404278518	0	0	136.062608730314	169.047140974482	0	473.024391683702
CRADD	397.921190182482	1106.92373513937	7410.51899042781	1470.47240308963	931.715314113189	2058.42495868273	1166.11510898392	2294.15611734295	871.436752057727	1651.14626058241	1707.81568218305
CRELD2	1671.10732433669	1857.92051268047	3754.47676887454	3588.7218823522	1436.38362579779	2348.99587727254	3693.20499868591	3843.8645153699	1440.30179575427	4444.33003267189	14124.5134688755
CRTAM	47.2897706971563	1250.14413069468	994.188927944767	6337.62541625407	4628.20301477012	0	966.860106308404	3227.81390570082	4618.94229899577	8819.94208542262	289.255827144619
CSF1	223.312806069905	944.587057973917	3968.2857623584	1435.30435117052	1168.99249357807	0	988.27325704842	888.048068811652	1192.90344636986	1218.62721049041	0
CSTA	0	88.6024480977783	0	0	117.34057452749	110.938580801675	6454.48713700765	0	46.355698866326	38.720347819353	176.838744367917
CTLA4	399.740027516988	5313.71942153525	17079.7674655508	4649.29549303633	3141.97560510224	32.142800728962	422.17717195842	4190.6005905756	4022.61654238385	12676.2334292336	147.066183632535
CTSW	235.236295262778	5714.8579023067	1213.49194267447	9313.73827435243	14304.9063676732	854.814826243366	775.494159168683	4650.14726062531	14893.2798596833	10952.7524529447	863.147601319746
CTTN	949.230995574971	428.144021458785	3389.58219113013	1138.68093198762	0	0	1335.95520459026	1323.44841674866	561.81091560819	3326.97142417056	1183.2026292251
CX3CR1	116.00140333405	26.7021076459058	1554.80801257215	414.772267765069	1733.36950469038	991.651320775233	1985.44987677295	97.6073549952672	3048.39106675296	505.492013290015	41.3222610206598
CXCL13	328.199092359751	341.969037692452	5526.5275382092	6074.85289348769	1959.2241503517	27.7346452004186	37.8674665718177	3157.03579749744	1381.0975064413	9956.66086783362	386.78662955363
CXCR2P1	0	0	0	0	51.4014021160244	5687.80634385009	293.472865931587	21.207880797401	123.195308400182	0	0
CXCR5	11339.238222422	3014.91069965591	2935.63868569277	428.20725389147	2656.25831540991	10.4693693802905	268.678691390516	1090.41724461336	1849.18929173279	2233.22797285576	1029.71994543408
CXCR6	400.952585739992	3240.36144943895	10601.1718289482	3824.09757066473	2921.8322263427	122.877335358146	422.740675925262	4897.61512270101	1597.76001201217	7900.44019929491	316.205127810267
CYTH3	0	563.475157936898	276.303485155269	75.2095791977943	396.413843591764	581.141837179633	259.211824747561	70.1393166130912	1635.29805076806	101.906849480605	17.9662004437652
DBH-AS1	125.499776080915	1258.94368889617	1545.88022804767	183.08461485978	315.417694802877	17.2652758201282	28.6260015156003	306.236688381748	225.984031973339	2263.43835412141	0
DCHS1	0	83.1406533520248	3.66268083055866	3.16117320621202	543.608767833106	72.9182393679881	191.365947139721	36.6666372822535	0	78.504441457919	84.9544620983752
DERL3	1023.80332628972	0	307.207354663108	1114.57698629026	0	11336.8576536784	640.816711093319	1022.19430277112	123.95110783822	0	19280.2996762234
DGKH	194.413501754976	1179.74766508275	2652.92550908402	2202.28400032771	881.092721120135	0	476.273552775302	1658.5584850112	1080.54126324822	3312.92997935695	16.6829004120676
DHFR	914.470993182189	670.587021561952	598.848315796341	5847.90700039172	683.794409967718	494.264438637924	2942.05421088482	5926.19734137495	767.640295900519	546.765351075479	463.014651436462
DHFRP1	151.973963949836	0	151.314501812455	4595.81897963124	0	34.7142247872789	2142.10397955517	4803.58500061132	196.759787035873	132.542729073939	193.008324767306
DHRS3	551.107712355322	8010.63229377173	1536.72352597127	780.151204183075	3513.98676284094	0	5578.80197253437	1072.40332176737	6084.68934249732	1117.78410682901	33.3658008241353
DIAPH3	253.424668607838	0	296.677147275252	2580.70277622134	0	0	1408.75991710631	3298.71977222225	134.784233116763	157.221632079681	58.775141451746
DLGAP5	0	0	0	4461.86426501801	0	0	1635.40121257038	5256.61599644014	202.050383102138	469.962902928301	351.624208685118
DNA2	465.824450670706	18.2059824858448	373.135609613164	3636.79805819667	190.289029045686	776.202719317676	851.567194692424	2351.39184383232	109.338985369486	241.257551797507	285.149267043187
DNASE1L3	646.293532861136	0	117.205786577877	61.3794464206168	0	12453.9577338701	8.22715791590086	74.0998244728468	170.054873558533	53.6127892883349	0
DTHD1	0	927.898240695226	2934.95193303704	1614.43749952253	1636.01836431912	25.7142405831696	27.1608912018097	2244.45813161892	2609.01966010692	7713.85918260495	50.0487012362029
DTL	264.943971726376	0	721.548123620056	5091.06944860446	217.287745308649	78.9794532197352	2424.64486853002	5286.38368454734	288.9673184765	693.34952496303	333.144688228674
DUSP16	560.606085102186	3103.81658079512	6480.42697701782	1100.3517068623	2556.31114462875	419.693140946732	190.802443172879	1769.19718844825	1470.7857064218	1997.92739764585	237.1538458577
E2F2	189.967454937295	126.228145235191	180.844866008834	2241.6669498551	361.627036099101	443.937996353721	1119.11887814925	3046.3970940604	194.744321867772	223.386622034729	339.047868374482
EBF1	8555.00244936761	159.909212834004	215.411416347231	0	166.145946233614	0	24.9068753344396	199.686251122517	79.8628072860074	81.0574314240301	547.712453528498
EEF1A1P10	1098.57775004163	2563.09890096552	1599.6758527465	417.933440971281	1742.45561112503	794.753707166963	447.084047292859	491.741766199978	1159.39633795018	674.414849381038	199.168164919454
EEF1A1P14	732.991445805923	2250.86630133328	1215.78111819357	398.966401734009	1201.44287370182	744.059918588714	243.997217642813	428.756915398059	991.356929559744	425.923826012883	313.895187753211
EEF1A1P16	675.799116287567	2330.36575818814	1347.63762809368	232.082799556066	1501.54398908629	766.651715672499	264.396061242513	371.137913954517	1053.33248347885	671.436361087242	126.020063112696
EEF1A1P8	939.934715865274	3120.50539807381	1366.17994979838	491.43071801571	1621.74019706467	1214.99786755476	361.994948299638	537.734760700366	1239.5110783822	861.634113562525	259.226606402897
EGLN3	116.809775482719	1105.40656993221	127.278158861913	136.193878967635	0	10789.3280024039	2540.05048093937	225.3656730519	205.577447146315	33.401618723288	98.5574424343688
ELL3	5113.9643055194	365.029948841189	191.37507339669	223.257857688724	181.202922611035	474.427738759479	315.787623018551	276.596758592609	132.012968510624	72.9729631980114	0
ENC1	1315.22148588501	0	315.219468979955	360.110314407653	1138.35933474125	238.407744835387	356.021806251107	1129.25577330257	1299.4711671332	2865.09298946828	422.71903044116
EOMES	0	1355.43539607115	377.942878203272	3802.23278932177	2081.497182658	103.407981773746	54.4344831969879	2818.73177128348	1943.66422148753	3902.88341069248	0
EPHA2	0	0	0	123.812617243304	0	5021.25649330493	240.50349304839	0	0	0	3.84990009509253
EPHB1	0	0	0	71.1263971397705	116.30216236353	9790.69710204182	74.2698228298448	140.661908180352	95.2307291927785	160.625618701162	0
EPHX2	115.395124222548	3294.97939689649	5221.15152396137	433.080729251047	807.884663560949	0	197.113687601515	577.212080979865	1560.4739064023	1704.75904987074	502.796952419085
ESCO2	149.548847503828	35.8050988888282	157.953110817842	4647.45147533271	0	0	2124.52265578969	4386.83736711059	370.08979149257	244.874287582831	255.120046301465
ESPN	217.250014954885	5172.01619118709	2973.63899930981	302.550618944542	2093.43892254354	34.7142247872789	74.4952244165818	373.30980536148	2037.63528495024	1293.514916163	0
ETV1	0	41.8737597174431	773.283490351697	1700.57946939181	750.771994543144	0	424.881990999264	611.19579358293	808.957331846592	3187.8334710175	0
ETV7	869.606338931041	897.25150351072	5906.53067437966	1740.62099667049	373.828379025632	0	503.434443977112	2170.99709873636	913.005721149813	2441.93490258535	1024.58674530729
F2R	0	1949.55729119255	2438.88759804825	4122.82843865177	4647.15403676239	0	133.099636968204	3580.55462185518	2168.38858773081	6032.71528992073	1098.76148713941
F5	5.2544189663507	1885.22948640923	7273.85521193759	763.423329300203	40.2384713534534	0	1795.21093756692	1133.85507275261	205.829380292328	1161.61043458059	6.15984015214805
FAAH2	383.774677580769	3770.15553977704	6253.34076552318	420.30432087594	1457.41147211798	469.468563789868	38.7690729187657	1330.0918492876	1851.20475690089	2022.60630065159	2109.23193209803
FAIM2	0	0	2941.13270693861	283.58357970727	0	0	1464.09600665025	719.662605613011	139.067096598978	1346.91495628749	18.7361804627837
FAM129C	6098.56158259866	87.9955820149168	34.7954678903073	93.9131873345488	88.0054308956175	9433.63650422981	19.1591348726459	144.622416040108	233.542026353719	12.9776989943985	8.21312020286407
FAM198B	0	0	0	21.46963469219	9.86491555762084	238.040398541341	4686.43709064254	0	0	0	44.1455210903944
FAM72D	166.928848700218	0	0	1520.7877432885	0	83.2039356012559	1074.26396238859	3272.01828374841	174.085803894735	536.766140374877	123.196803042961
FANCI	1032.49332688791	517.049902597994	1050.96048081843	7117.38147378637	736.753430329683	1158.05919197774	2624.12527279227	6247.89278624155	928.625576202597	2477.88951127475	723.267897864717
FASLG	0	453.328963897537	753.596580887445	4333.96846571668	1631.3455095813	0	109.31976956745	2408.49981200364	2712.56418311811	4679.41785871796	37.4723609255673
FBLN7	253.020482533503	4355.47787669695	6716.21205548504	87.4591253718659	1329.16756986891	520.897044956207	134.677448075363	1670.31225027241	2221.29454839346	1817.72885587116	23.8693805895737
FBP1	109.736519181863	68.2724343219182	591.751871687134	0	456.122543019469	1680.60929525716	11438.0035189696	113.44938643429	1010.75578180272	0	1273.80361146295
FBXO5	718.03656105554	205.424169048616	582.137334506917	5232.13680293167	713.129553599591	788.876166462239	1988.60549898727	4809.33412492387	396.79470496991	1117.78410682901	1152.6600884707
FCER2	9658.02624622692	42.4806258003046	0	60.3257220185461	33.2291892467228	0	48.4613411484571	0	215.402839840808	0	765.360138904395
FCGR1A	0	0	39.1449013765957	0	570.088278014089	245.203651275224	7696.44987992858	0	299.296577463018	111.906060181207	155.022643829059
FCGR1B	0	191.769682184232	0	0	209.499654078948	162.550735115036	5230.78192261242	0	156.45048367385	0	21.8161005388577
FCN1	0	185.094155272756	97.2899595617145	0	198.855929398357	64.285601457924	7358.46020061643	0	113.873781997714	0	418.869130346068
FCRL1	13281.9585887116	0	131.169757244382	0	0	0	0	261.265760425813	266.293335335362	126.373003322504	962.731683779473
FCRL2	6190.10972843546	0	272.4118867728	0	0	18.5509878492866	60.5203260388872	176.689753872323	280.905457804095	0	3168.72443826749
FCRL5	9086.91132319204	32.46733543309	21.2893323276222	0	21.8066554431619	858.855635477864	7.21285077558432	293.460856576085	447.685200464464	35.1036120340288	13516.2292538509
FCRL6	118.022333705723	924.560477239488	198.013682402078	1003.54077742206	2748.67699800235	0	559.108635901153	430.545531850851	4445.10842824705	1737.30967193866	128.073343163412
FCRLA	10928.3830778608	0	0	0	0	4083.9724240484	57.364703824569	412.787125640979	35.7745067337951	0	1317.94913255334
FER1L4	0	0	176.266514970636	23.4453679460725	222.999012210429	39.8570729039129	0	176.817512190379	304.335240383271	114.246300983476	8230.57308329516
FGFBP2	156.21791773035	0	0	339.826119667792	1000.51011997555	63.5509088698334	0	794.017946721971	3132.7886706672	718.241177132614	0
FKBP11	742.085632478453	6123.58220911391	1381.51742577635	3106.37953730435	5443.61616651977	1811.38457593728	1079.89900205701	3659.12598746001	4891.03009668942	2320.66787919507	21940.323981926
FKBP2	2328.51597424203	6331.73727553541	5125.00615215921	5205.13511512861	3588.23323256409	10075.5741530739	7006.60832371996	5863.72352384526	5364.16054490116	5310.85737700279	18629.6665601528
FLT3	108.321867921691	74.3410951505331	0	0	58.929890304735	4731.42026730321	0	80.4877403756785	76.587676387843	0	243.827006022527
FLT3LG	869.202152856706	10947.8641348214	5030.92103832423	2365.61128264866	8624.01302168854	391.223803158223	1236.77850642597	2989.16136757103	5258.85248986788	2690.4259259535	519.736512837492
FN1	175.618849298414	631.747592258816	176.495432522546	214.037769170606	60.2279055096851	243.366919804998	9075.68218917234	410.10420096179	336.834616218902	461.878434702282	207.381285122318
FNDC3B	488.054684759113	682.11747713632	1965.48610069854	402.522721590997	1969.08906590932	815.508772780521	5480.9776838905	866.840188014251	2504.97127080369	1108.42314361994	8503.40267003405
FOXP3	207.953735245187	1131.19837845383	8427.59967356357	0	0	0	202.523325683203	859.174688930853	76.0838100958177	558.466555086822	0
FPR3	0	0	62.952326775227	0	0	103.407981773746	5795.75099976874	7.92101571951121	180.887998837077	14.8924414689819	0
FTH1P20	1063.61565461168	2959.68588611551	1708.64060745562	599.832615878731	3526.96691489044	2013.79238395622	2133.4260184658	341.753500801492	2390.08975622193	656.331170454417	253.323426257089
GABARAPL1	1264.09194748168	3514.36148585092	3379.05198374228	4057.89267237416	9341.55582698496	3170.38219075779	4345.06638752934	2103.15743184828	7625.76439665664	6464.17059419352	874.697301605023
GAPT	3683.34769541184	183.880423107033	24.723095606271	0	144.858496872432	10366.3287448108	1015.8849514237	235.841855132544	293.250181958715	0	64.421661591215
GAS6	561.212364213688	240.318968813152	15.7953110817842	62.8283174734639	401.086698329584	8089.14906802408	1145.60356459085	149.86050708043	339.605880825041	0	4131.71278205331
GEM	282.526065959934	763.740965281191	4967.28195889328	4315.39657313019	678.861952188908	820.100601456087	2436.92925500718	3035.15436207142	1851.4566900469	6973.27934326886	345.977688545649
GFOD1	1780.84384351855	669.373289396229	1571.74791141349	2264.0585933991	576.837957079829	27.1836257593507	886.053637463186	1203.61111441153	1856.24341982114	3328.24791915362	130.896603233146
GIPR	86.2937268704519	710.033316947949	1167.93734984439	575.201807980329	722.994469157212	303.060692587356	37.5293641917122	229.837214183882	899.653264411143	2501.50466846128	1957.80252835772
GNAQP1	0	58.5625769961343	0	65.0674818278641	658.093708909706	273.121969622666	186.18171064477	26.1904552016097	52.4020943706294	0	0
GNG7	3652.62955376241	31.8604693502285	14.1928882184148	104.450431355256	22.845067607122	5328.72534142083	213.793405020054	181.289053322361	295.265647126816	59.9952642036129	5300.02913091072
GNLY	0	460.004490809013	1989.9802787529	2981.64491120923	6743.96779883879	184.407839610731	333.030844403932	3646.98894724463	14753.7088967923	5724.65450067665	62.881701553178
GPR132	2642.77064703724	3533.17433441962	3398.50997565462	861.156267592258	6287.84525581933	2809.83180315235	1944.99029195366	1623.16943090952	2553.09050169211	3566.10148432964	413.479270212938
GPR155	509.476546698851	3522.25074492812	3343.56976319624	340.352981868828	3818.50112992224	942.426917373165	1024.22481013297	1114.435808408	798.124206568048	1125.44307672735	1253.27081095579
GPR18	9013.34945766313	2522.4388734138	1500.5545527695	1147.3741583047	3582.00275958033	1928.56804373772	326.043395215085	1389.11619222976	1610.3566693128	3072.31067505097	243.313686009848
GPX3	73.1576794545752	770.113059151237	354.135452804641	60.3257220185461	528.032585373705	0	5780.98719583746	149.86050708043	479.680710008069	602.292882838397	107.027222643572
GRAP2	998.5416966438	8209.98780199174	5348.6586003752	3950.80793001373	8244.73297880211	30.3060692587356	143.580810751475	2242.03072357584	4895.81682646366	3554.82577864598	14.8862803676911
GTSE1	210.176758654028	0	137.35053114595	4429.98910185537	0	132.428339003323	1847.61680648327	4587.29016814144	407.879763394467	477.621872826634	387.556609572648
GUCY2D	0	0	0	0	0	1993.95568407778	28.9641038957058	13.9256566681729	0	0	0
GZMA	0	6708.6011129924	3661.53624279911	10642.221314263	12000.4101728048	174.122143377463	452.719086961285	8224.56948321377	15442.9979842829	13784.018325362	253.836746269768
GZMK	99.2276812491613	4084.81560374072	2171.28297986556	7319.95999008445	10475.5019100294	22.4081239367621	151.244464700534	6934.08271252373	8414.56707682222	13577.4388872708	188.131784646855
HAVCR1	119.436984965895	504.609147899333	648.065589456973	259.347918459645	372.270760779692	252.734250303153	40.6849864060303	299.465497524746	396.79470496991	2024.94654145386	0
HCK	771.995401979218	46.7286883803351	23.3495902948115	11.5909684227774	433.277475412347	2279.38375455096	8722.70330434218	84.9592815076606	393.771507217759	0	315.691807797588
HID1	0	856.288042917569	165.50739003087	0	0	471.121622113071	0	0	185.674728611317	0	7189.04677756946
HIST1H3G	185.521408119613	0	182.905123976023	3501.39447253059	0	0	1353.64922914911	4000.36845498928	110.59865109955	0	459.421411347709
HIST1H3J	257.466529351184	176.294597071264	112.627435539679	2489.950762093	379.539645927412	133.714051032482	1201.84126048174	3605.72301051234	392.763774633708	547.829096894692	677.582416736286
HJURP	315.265137981042	0	0	4607.1465169535	235.20035513696	0	1987.70389264032	4824.79288140872	0	189.985003311441	448.128371068771
HK3	19.6030246052315	0	0	43.9929937864506	95.2743160433381	11.3877351154037	8138.34969072648	79.8489487853953	21.1623842650619	0	139.623043448689
HLA-DOB	11696.3366190967	0	339.026894378586	154.634056003871	157.059839798963	2363.87340218138	192.718356660144	638.663831965106	44.3402336982249	74.4622073449096	4199.47102372693
HNMT	0	0	82.8681537913897	108.533613413279	0	234.366935600889	8132.26384788458	37.3054288725367	0	62.3355050058815	24.8960206149317
HNRNPA1P21	238.06559778312	336.81067598813	4669.68914141038	172.942517489849	366.819096918901	0	111.348383848083	676.735810745982	400.321769014087	678.66983265789	0
HOPX	6248.91880225115	2014.79539510016	751.078487816436	3473.47077587572	5244.50063408043	0	262.480147755248	2210.21890237974	9791.38171978131	2596.39079553508	599.814434815416
HSPA13	1851.57640652712	1863.68574046765	2742.89010698462	2070.56845006887	3068.50794450206	2692.6483353519	2302.70261010529	2502.52993409332	2607.75999437685	2357.47348453984	8355.82316638883
HSPA8P5	322.944673393401	822.910408360187	647.378836801243	366.169229719559	947.291496572591	263.570965977488	181.67367891003	317.990453642958	1259.91766320922	673.351103561825	20.2761405008207
HSPA8P9	437.935611541614	821.089810111603	699.114203532885	457.57982159919	1347.59938577921	528.427643984135	191.47864793309	514.227230177946	1581.13242437534	926.309859370675	120.886862985906
ICA1	348.81258215082	817.448613614434	7151.38432166579	942.556477652218	0	53.2652126365656	2775.14433590607	1783.63387838865	678.959828504069	2342.7937922347	0
ICOS	507.051430252843	12251.4124808079	15985.7704849733	4743.34039592114	4467.50873239729	15.795890643947	337.651576932041	4287.95242893476	4187.88468616814	7850.4441457919	140.136363461368
IGHA1	3471.55419246047	182.059824858448	0	16.5961593326131	0	69.6121227215805	0	544.761468193481	1050.81315201873	497.194795900153	20708.0992914901
IGHA2	1347.35427879462	118.642319199422	0	0	37.1232348615732	59.1427533412901	0	325.655952726356	455.243194844843	225.301364509312	12738.5494346422
IGHD	9588.10205536702	40.3565945102894	301.71333341727	119.070857433986	39.9788683124634	368.815679221461	0	247.978895347924	0	142.754688938384	405.779470022753
IGHG1	11062.5728545399	75.8582603576869	563.366095250304	433.739307002341	128.763108331051	540.733744834652	14.6511031379056	1216.00367126303	685.006224008372	367.630555120011	26920.811404944
IGHG2	7055.67420662315	55.224813540396	252.953894860458	132.374128010128	112.14851370769	42.2448238152072	12.5097880639041	559.325916451937	487.238704388449	105.310836102086	19427.6225198623
IGHG3	7994.39636426542	0	56.7715528736593	92.200885181184	53.7378294849346	77.6937411905767	11.7208825103245	553.321275503275	355.72960216985	183.602528396163	20267.6707206115
IGHG4	3644.54583227571	0	52.8799544911907	138.828189972811	0	26.8162794653054	0	244.146145806225	309.877769595549	75.31320400028	16363.6153641813
IGHGP	4970.07406305626	103.167234086454	108.049084501481	37.1437851729912	32.7099831647428	0	0	374.970663496216	301.815908923145	80.2064347686597	15517.40732328
IGKC	16138.745762109	165.067574538327	1022.5747043816	225.760453143642	555.810110759637	16541.4199477119	41.3611911662413	1599.15086711487	1080.03739695619	977.795157020584	36346.6501377623
IGLC1	6634.51231716643	175.991164029834	0	0	0	206.63229040047	58.7171133449911	364.749998051686	198.271385911949	146.371424723708	19697.3721865251
IGLL5	6530.63649606242	0	0	0	140.704848216592	0	19.1591348726459	282.984674495441	190.71339153157	44.4645752431031	16217.0625005614
IGLV3-1	1546.01173433011	0	0	0	0	0	0	35.9000873739137	185.422795465304	0	11242.7349176956
IGLV6-57	1467.80172894635	0	0	0	0	0	0	85.9813480521136	0	0	8374.81600685795
IKZF2	741.277260329784	2120.99695960092	6598.31951625143	1415.81044973221	1430.931961937	863.263791006408	343.173915807098	3097.50042128305	2477.00669159629	5180.86763789497	1.79662004437652
IKZF4	178.246058781589	1062.01564500762	5601.84141278756	1150.53533151092	463.91063424917	257.142405831696	663.131468180283	1206.93283068101	311.89323476365	1714.12001307982	139.879703455029
IL10	22.0281410512395	151.413087673943	1069.27388497122	856.677938883458	0	384.795243012431	1683.18634895862	1084.02932871053	0	2367.89819356812	0
IL12RB2	110.746984367699	1104.19283776649	4929.51056282814	125.39320384641	734.676606001763	119.387545564716	190.238939206036	1062.56593127701	2616.57765448729	769.088227290995	0
IL1R1	0	141.703230348159	2298.33222117556	0	113.70613195363	0	132.874235381467	288.222765535763	340.109747117066	242.959545108248	4.61988011411104
IL1R2	0	0	4324.48147313023	0	165.626740151634	0	488.445238459101	699.732307996176	225.228232535301	569.104013278952	75.9713618764927
IL2RA	862.330989593017	1007.09426450865	8698.409137473	629.863761337745	428.604620674527	0	3795.98812223798	1998.26785272379	1829.28657319779	1410.73970544027	150.916083727627
IL3RA	187.744431528454	104.077533210746	183.362959079843	42.148976082827	160.953885413814	14300.7912271827	1597.87184837866	88.280997777133	100.773258405057	73.185712361854	397.566349819889
IL7R	495.936313208639	21796.8090981363	9505.11459040355	1272.37221550034	16914.6957387459	131.877319562255	5406.14435709382	1914.45839607864	13552.491656604	3645.24417327909	252.040126225391
ITGA1	0	1773.86956020415	306.749519559288	2309.36874268814	2874.32486984153	0	109.657871947555	1102.55428482874	1762.77622265045	2330.02884240414	91.3709622568628
ITM2C	2122.78526240568	3528.92627183959	1082.55110298199	1178.85417481657	5892.72942743251	16422.9507678823	846.721060577578	1325.10927488339	2473.73156069813	1800.28342443607	16994.4856597638
JAM3	461.580496890192	183.273557024171	262.110596936854	405.420463696692	1635.75876127813	0	285.133007222318	476.155251397069	597.585422341986	626.120789188768	0
JMY	783.918891172091	2136.77547775532	2451.02022829947	541.746058214585	2314.36111042605	991.834993922256	282.653589768211	544.505951557368	4067.20870922808	1665.82595288755	1673.67990133989
KCNK5	35.1641884671162	967.344536081223	1756.94221090861	2214.92869315256	288.418978539915	9.36733049815464	0	2213.15734369504	554.252921227811	3175.70676867847	0
KCNN3	817.466335341869	0	49.6751087644519	58.2182732144047	210.278463201918	37.6529951396412	0	85.5980730979438	174.085803894735	0	6320.25265611024
KIAA0101	2126.82712314903	102.256934962162	1838.43685938854	10208.7454383612	217.547348349639	104.693693802905	4478.50412687765	9931.16509581427	618.99973975306	2169.40322370298	713.001497611137
KIAA1324	308.59606775452	1850.63811968613	4664.42403771646	982.334573830386	809.961487888869	0	197.339089188252	1278.73300542883	839.441242514121	2970.40382557036	0
KIAA1671	141.263032979967	46.4252553389044	1619.82059731457	621.038819470403	1047.49827039474	0	48.0105379749831	741.892552954865	941.222233503229	2503.84490926355	12.8330003169751
KIF11	1118.18077464686	552.24813540396	536.124906573024	5235.69312278866	201.971165890237	27.3672989063733	2534.75354365105	5926.32509969301	366.562727448393	762.280254048032	345.46436853297
KIF15	231.800713630933	114.090823577961	127.964911517643	4052.36061926329	0	0	1534.7594040923	3727.2211709842	211.119976358594	0	101.380702504103
KIF18B	253.22257557067	0	145.820480566617	4464.63029157344	9.86491555762084	0	1565.63942147527	3790.07826346806	193.988522429734	213.600160497969	306.965367582045
KIF23	163.089080994039	304.34334055504	265.544360215503	5506.10514747005	156.540633716983	72.5508930739428	2054.87356548795	5548.79926983566	859.595894195133	436.774033368855	298.495587372841
KIF2C	689.137256740611	0	100.494805288453	5128.08151822719	0	116.081428918308	2231.4757086964	5998.89182434918	171.314539288596	546.552601911636	375.493589274692
KIFC1	868.19168767087	0	301.25549831345	5096.46978616507	25.9603040990022	153.73442405795	2364.34994407787	6253.89742719022	146.121224687332	623.567799222657	213.027805261787
KIR2DL3	50.3211662546663	116.821720950838	0	422.148338579564	223.258615251419	58.2243876061769	40.1214824391878	173.112520966737	1859.77048386532	525.064936363534	0
KIR3DL2	0	0	0	581.787585493271	501.553075192723	45.7346136086373	97.0353830902828	708.036598669857	1882.44446700646	1156.71720381221	0
KLRB1	35.1641884671162	7611.31441124887	5792.30081597661	298.467436886518	2063.58457282969	65.2039671930372	218.188735961426	1069.33712213401	8468.22883692292	1330.10777234393	15.9129203930491
KLRC1	25.4637226830842	482.761968916319	0	1884.5860931034	2335.12935370525	0	93.0908553223851	460.696494912217	4993.31495397055	2783.18456138888	34.9057608621723
KLRC2	0	726.72213422664	0	1828.73869979365	1292.82314413031	27.3672989063733	48.1232387683516	544.633709875424	3350.20697567611	2225.78175212127	0
KLRC3	0	534.345585959546	0	2032.37094049381	1437.42203796175	0	30.2038126227593	754.412868124415	3080.38657629657	2152.59603975941	0
KLRC4	0	863.267002870476	84.2416591028492	4244.79703819145	5229.96286378499	100.469211421384	46.3200260744556	2001.33405235715	2537.21871349331	4770.89999917028	104.203962573838
KLRC4-KLRK1	534.738176344768	1688.90830860354	433.569843317382	4526.00973799406	9321.30678978774	143.816074118727	49.3629474954052	2654.94560753488	5485.34038813324	7155.17987835428	26.9493006656477
KLRD1	0	333.169479490961	168.941153309518	7289.00683577363	7408.55158377325	57.8570413121316	128.14080205999	2558.36031908406	9671.4615422793	5551.47668130877	221.240925464651
KLRF1	148.942568392326	311.322300507947	269.664876149881	69.2823794361468	247.920904145471	336.672878492499	254.81649380619	74.2275827909035	5289.58833368142	504.215518306959	0
KLRK1	2537.27808163589	5958.81806761702	1186.70858910101	10712.425702551	21527.0629680156	305.815789792696	231.374728785541	5905.50049384978	14460.4587148336	14871.8048000892	538.729353306615
KRT5	0	0	0	0	0	6142.03003643708	0	102.589929399476	0	0	95.4775223582948
LAG3	25.8679087574188	886.631347060644	3500.14936870262	4912.99002465452	4805.25228872531	978.610527336626	153.273078981167	3573.01688108984	1816.18604960513	6842.22585834182	178.122044399615
LAIR2	249.989086975993	632.657891383108	4025.05731523206	999.852742014811	625.383725744963	1687.77254799104	407.976871993988	990.510239893071	1040.98775932423	1475.20270208458	0
LAMP5	343.356070147302	0	0	0	0	8470.08717494904	273.750227092099	95.8187385424743	0	0	475.590991747098
LAYN	0	0	4610.62841301763	1469.55039423781	574.241926669929	72.7345662209654	93.7670600825961	937.873812853739	146.121224687332	2602.77327045035	0
LDLRAD4-AS1	0	703.964656119334	1867.96722358492	261.850513914562	98.3895525352184	328.774933170526	43.3898054468744	606.085460860664	687.273622322486	372.736535052233	0
LDLRAP1	230.183969333594	6767.77055607139	1224.47998516614	796.615647965429	4150.27381630748	283.407665855933	1801.63488278892	902.868033706222	2798.22145276241	1204.79851484064	2667.98076589913
LDOC1L	0	1491.98026471499	1454.08428973179	1315.7066315355	3156.77297843867	191.387419197591	1437.04781624181	899.035284164523	1920.48637205437	2115.36493608696	4.61988011411104
LEF1	607.289576687841	8806.23372840315	5559.26274813232	1464.8086344285	4948.5531673518	215.815947751602	0	2199.7427202991	4533.03309620546	3182.08924359375	440.171910872246
LGALS9B	60.8300041873677	63.4175056590262	154.519347539194	36.3534918714382	102.283598150069	124.163047387305	66.718869674155	59.1521012602208	1409.0620856487	271.255183899314	0
LGALS9C	240.086528154794	348.341131562498	421.895048169976	33.7191808662616	153.685000266093	193.775170108885	499.489916209214	38.1997370989331	1227.6702205196	645.90646142613	135.516483347257
LILRA4	625.882136107235	0	0	38.5926562258384	19.2106250332616	19572.2105467325	157.668409922538	135.296058821974	69.0296820074638	0	0
LILRA6	106.90721666152	273.393170329103	272.86972187662	27.5285500040963	594.750566908141	1048.22265005821	5166.20436801227	32.4506127863846	223.2127673672	194.02723742445	200.96478496383
LINC00484	144.900707648979	223.630151534461	295.074724411882	463.24359026032	76.0636910100765	0	441.674409211171	631.126091199764	360.264398798077	1526.68799973449	124.480103074659
LINC00861	104.280007178345	8338.9468445998	3542.95695090978	1198.61150735539	4878.97955236648	123.612027946237	136.142558389154	1457.85016734423	4891.03009668942	3231.02155127755	482.520811918264
LINC00926	6579.94719713125	126.228145235191	288.436115406495	16.8595904331308	0	67.0406986632636	118.786636210404	388.129770256049	145.617358395307	0	262.306526478971
LPAR2	885.369595830093	4376.11132351424	7473.01348209922	1970.06948522138	4250.48059012963	555.611269743486	792.28657738059	1585.60848540087	3058.21645944746	3050.61026033902	896.000082131202
LRP1	122.670473560572	414.489534594401	243.339357680241	132.637559110646	631.614198728724	182.203761846459	6124.61191481804	134.657267231691	340.613613409091	252.10775915348	152.969363778343
LRRC32	867.787501596535	274.910335536257	2122.75245886065	93.2546095832546	231.30630952211	0	193.281860626986	238.780296447846	144.105759519231	274.871919684638	135.259823340918
LRRK2	2655.90669445311	106.504997542192	67.5306778134253	112.616795471303	102.023995109079	976.773795866399	930.570450843746	22.8687389321372	380.167117333076	169.986581910236	88.8043621934678
LTA	4129.97330755165	2403.49312117295	6693.77813539787	827.04194007522	891.476842759736	438.795148237087	69.0855863348936	2400.70655460218	1914.43997655006	2777.65308312897	25.9226606402897
LTB	12380.0173638338	20548.1821326488	16175.7720530585	918.189100854333	9541.96937462925	10668.8384179571	633.378458730998	3781.26293952215	8516.85193410336	5434.89013952303	0
LY86	9046.49271575857	144.130694679605	27.47010622919	0	633.691023056644	1326.85481409155	6289.38047472279	129.802451145539	272.087797693653	208.494180565747	91.3709622568628
LYZ	226.344201627415	419.344463257293	173.748421899626	32.2703098134144	476.111977175701	1632.3032575902	11125.258817372	259.47714397302	835.914178469944	411.669632035429	997.894104647984
MAD2L1	1389.79381659976	1063.22937717334	1311.01081978809	7791.7650911116	1347.33978273821	1447.3443985384	4115.8329738178	8282.06072633926	215.402839840808	1631.78608667273	741.234098308482
MAF	440.158634950455	4208.61628464447	8792.26533375607	642.113307511817	1887.57371103845	64.1019283109013	2388.35521306536	1752.46084878283	3354.74177230433	3857.567838794	0
MAFF	593.951436234797	1299.30028340646	1222.41972719895	763.423329300203	2663.26759751664	506.019520047373	1104.12967263124	397.328369156127	5252.80609436358	886.951264059794	407.06277005445
MAGEH1	997.531231457964	2114.32143268945	8040.5000932839	1625.76503684479	48.8053717061242	1876.95588942436	1705.16300366548	2370.04455826859	613.961076832807	3267.18890913079	2190.84981411399
MAL	380.541188986091	7404.3730769931	3881.52601018454	330.606031149674	1623.81702139259	526.958258807954	124.985179845672	642.496581506805	771.167359944696	1768.58379902352	152.456043765664
MAML2	791.59842658445	3960.10462371268	1904.36511433859	825.988215673149	2050.86402382118	864.916849329611	1413.38064963442	871.311729146233	2139.66820908536	1713.69451475213	305.168747537668
MAN1C1	54.363026998013	2306.09111487368	343.834162968694	159.770962463966	1768.41591522403	0	986.131941974419	117.793169248215	334.315284758775	412.095130363114	3.07992007607403
MANEA	1042.19379267194	816.841747531572	1398.45732461768	1741.01614332127	1009.33662336921	8.08161846899616	1672.36707279525	1771.88011312744	798.628072860074	1651.99725723778	7806.31409281596
MAP1A	188.148617602789	179.935793568433	82.6392362394798	27.2651189035787	294.389848482685	7938.53708746552	0	116.643344385705	243.871285340237	0	19.2495004754627
MARCKS	2516.46249880765	0	0	95.362058387396	97.8703464532383	76.7753754554635	4141.41605391245	296.143781255274	418.460955526998	225.301364509312	3466.70670562766
MARCO	25.6658157202515	79.4994568548559	0	0	0	0	9176.54939923715	0	0	0	0
MAST4	1103.63007597081	3204.55635055012	4123.0340274495	621.302250570921	566.194232399238	378.366682866638	169.727394812969	1413.39027266052	1501.77348338136	2216.84628723988	417.84249032071
MATK	128.733264675592	885.11418185349	0	1320.84353799559	2858.48908434113	96.9794216279539	2621.30775295806	728.733446195032	5567.97446002539	1564.13185257079	0
MCM10	0	0	0	4083.84063577515	0	127.652837180735	1697.61205050979	3744.34078560378	176.857068500874	277.637658814591	115.753662859115
MCM4	180.873268264765	628.409828803078	1904.36511433859	8313.49038568684	487.015304897282	682.162068042085	4977.65594070676	7138.36826309628	448.189066756489	2635.53664168211	477.900931804153
MELK	615.575391211701	0	453.943505437364	5965.13384012208	0	0	2987.69803219907	5844.81529277288	194.492388721759	454.857712295476	454.031551214579
MIAT	1103.63007597081	7337.92124091977	7644.01489337593	2717.16008628949	9145.2959279965	30.3060692587356	468.722599619612	2749.35900457873	4964.09070903309	6243.3369621249	2808.88710937951
MKI67	757.040517228836	0	353.219782597001	6480.93193493568	169.261182725494	31.4081081408714	2411.34617491253	6211.86494054958	814.247927912857	1321.17230746254	524.099732945263
MLC1	86.6979129447866	0	0	427.943822790952	201.711562849247	0	72.5793109293172	143.728107813712	2142.94333998353	139.776200644587	0
MPEG1	4481.61519222281	70.6998986533642	33.1930450269379	6.58577751294171	30.6331588368226	15556.1971870825	4741.32237701301	133.890717323351	19.1469190969608	0	87.5210621617702
MRC1	3.03139555751002	0	131.627592348202	0	4.15364865584035	83.9386281893464	4773.66750470977	0	22.6739831411377	110.842314361994	5.38986013312955
MS4A1	21731.8726587522	1335.10538229529	386.183910072029	39.9098117284268	1553.46459728429	41.326458080094	0	448.176179742667	743.202780737292	330.186702283713	505.876872495159
MS4A4A	151.973963949836	59.4728761204265	45.7835103819833	0	128.503505290061	2839.58685297001	7887.02692151472	70.1393166130912	202.554249394164	0	215.337745318842
MVB12B	326.380255025245	1055.946984179	396.485199907975	1931.87197564632	3032.16351876346	886.773953825306	439.194991757064	720.42915552135	1146.29581435752	1736.45867528329	0
MYBL1	1432.63754047924	901.499566090751	76.687379889822	256.845323004727	734.157399919783	0	200.607412195939	521.381695989117	2517.31599495831	312.954020012463	284.122627017829
MYCL	0	0	0	0	29.5947466728625	4615.70618467894	529.693728831973	0	0	0	37.9856809382463
MZB1	3769.84351531946	503.091982692179	3025.83220114527	2216.64099530592	1138.35933474125	13930.1388164911	91.8511465953316	2949.1730140193	1261.68119523131	3415.0495780014	25450.406228625
NAB1	1155.16380044848	2196.85521995861	6026.94130668428	5466.19533574162	2970.37799500783	957.120769134977	1776.84070824785	5476.10478686144	3023.95355158974	9535.20477426144	1553.30635836667
NAPSB	15275.0001212558	0	419.148037547057	85.0882454672069	189.250616881726	20496.2701494034	906.11437868278	649.267772363806	302.31977521517	62.1227558420388	71.6081417687211
NCALD	346.387465704812	1823.63257899879	5027.9451101494	2898.66411454616	1751.80132060067	0	203.763034410257	1951.50830831506	3143.36986279973	5586.5802933428	313.381867740532
NCAM1	0	13.6544868643836	29.3014466444693	22.5233590942607	180.424113488065	163.101754556104	144.820519478529	287.58397394548	4665.80186415412	274.020923029267	147.322843638874
NCAPG	878.296339529236	0	654.017445806631	5078.16132467909	24.9218919350421	71.8162004858522	2350.03694332007	5232.21415769133	150.907954461572	519.746207267469	459.421411347709
NCAPH	638.816090485945	0	1126.5032729487	5627.94203145947	1222.21111698102	0	2725.21788444382	6504.43148889927	26.4529803313274	872.271571754655	627.533715500083
NCF1C	11768.4838333654	75.5548273162561	214.724663691502	26.0796789512492	623.566504458033	8281.45485295679	3112.23240887127	390.429419981069	110.346717953537	189.346755819913	5956.82208713351
NCR1	249.180714827324	0	406.328654640102	40.0415272786856	0	0	107.403856080185	558.81488317971	2197.86476581428	2848.28580552471	42.3489010460179
NCS1	0	0	41.6629944476048	65.0674818278641	64.3815541655255	0	374.166633983437	3.96050785975561	517.974548201991	0	9.49642023456158
NDC80	505.030499881169	1218.89052742731	2283.45258030142	6605.53484548054	809.961487888869	35.9999368164374	1927.74707056828	6694.28034953143	449.448732486552	1626.25460841283	388.839909604346
NEIL1	7847.07054017044	1531.42656010098	63.6390794309567	67.7017928330408	744.281918518393	390.856456864178	938.008703206067	317.223903734618	933.916172268862	319.123745763898	1721.67532252538
NEIL3	388.22072439845	0	0	2083.87172064502	23.883479771082	47.2039987848185	1000.55764352559	3873.24892852293	0	799.511357720486	123.196803042961
NELL2	0	7193.1836801573	2696.87767905072	4004.0210123183	9843.36850521867	18.9183341433319	124.872479052304	2369.78904163248	4341.06003894383	6292.2692698087	223.807525528046
NINJ2	828.985638460407	1556.61150253973	5639.38389130079	1164.23374873784	956.377603007242	866.018888211747	1072.57345048806	2601.03159731498	747.989510511533	2888.92089581865	136.543123372615
NKG7	602.641436832992	1444.94814329322	2616.06978322652	13651.3947754764	18712.4467976018	6067.82608503993	1296.73532849802	8138.07710188943	18742.3144644645	18902.5504582511	264.103146523348
NLRP1	3924.64678178964	10304.5860869882	6346.28129159861	1744.440747628	9782.10218754502	298.652537058813	1999.65017673738	2157.96575029458	6222.49677336623	5585.30379835975	2287.0973164913
NMB	129.137450749927	93.4573767606702	4029.17783116644	1600.34393564484	823.20124297936	0	477.17515912225	1478.29149823329	877.48314756203	3271.01839407996	322.878287975094
NME8	91.1439597624679	0	0	0	18.4318159102916	4630.7673827348	543.217824036194	0	174.589670186761	0	58.0051614327275
NMUR1	0	191.466249142802	0	65.7260595791583	194.442677701527	0	45.98192369435	240.441154582582	1611.11246875084	260.830474871026	0
NOTCH4	12.3276752672074	219.078655913	113.085270643499	228.526479699077	0	6680.74337665448	1120.24588608294	426.073990718869	538.88499932104	739.090595189188	0
NTNG2	30.5160486122675	76.7685594819791	627.920844888901	20.4159102901193	22.0662584841519	238.040398541341	9.91766981642844	141.556216406749	238.076822981946	157.859879571208	0
NUF2	1140.8151948096	131.689939980944	662.487395227298	4679.85350069638	0	0	2311.60597278141	6227.19593871638	398.306303845986	906.949685460999	396.79636980087
OLR1	127.722799489756	197.231476929986	48.7594385568122	0	213.653302734788	47.5713450788637	6132.72637194057	0	161.741079740116	206.153939763478	116.266982871794
OTOF	87.5062850934559	115.607988785115	1668.58003587138	160.956402416295	525.176951922815	0	0	130.057967781652	118.408578625942	252.746006645007	51.3320012679004
P2RY14	644.47469552663	244.263598351752	1453.16861952415	10.2738129201891	721.696453952262	10232.4310206313	314.435213498129	147.177582401241	206.837112876379	0	0
P2RY6	0	0	0	0	103.062407273039	9873.90103764308	3489.89276744913	29.895446425252	43.8363674061996	0	936.809023139183
PACSIN1	164.705825291378	821.089810111603	88.8200101410476	50.4470557491335	585.66446047349	7036.33458929031	0	143.983624449825	393.015707779721	508.045003256126	86.2377621300727
PALD1	954.081228466987	202.99670471717	0	99.7086715459375	0	5612.68402671783	1692.31511322147	65.9232921172223	170.558739850558	37.65660200014	7.44314018384556
PASK	3420.22256101997	10243.899478702	7532.30312804389	2372.72392236264	4823.16489855362	836.080165247057	1262.02348414052	2632.07686860274	2544.02090843565	2896.36711655314	1128.27738786845
PAX5	11629.8480098686	0	81.4946484799302	21.0744880414135	6.74967906574058	0	0	396.8173358839	51.8982280786041	0	512.550032659986
PBK	124.691403932245	0	0	3658.26769288886	0	24.2448554069885	761.970063964462	3759.16075049835	50.3866292025283	78.504441457919	229.197385661175
PBX4	284.546996331607	4420.41254756313	7511.24271326818	1562.40985717029	5112.6222892575	31.5917812878941	133.212337761573	2510.96198308505	4599.03958046077	2499.16442765901	468.147851563252
PBXIP1	5201.06640453852	16240.039810415	11598.7945201716	2338.08273264457	9288.59680662299	3319.89213243422	1619.39769991205	3709.71828141044	9644.50469565594	7353.67484821943	3689.230931124
PDCD1	483.00235882993	4644.04269909759	11167.9716874772	6999.23262520419	4126.90954261838	243.183246657975	249.068753344396	5693.67720251188	3287.22368917295	12086.9182453896	199.168164919454
PDE3B	163.695360105541	3840.24857234754	3161.35139187594	2466.11024749615	5512.93017846411	169.346641554874	783.721317084584	1987.40839568897	4049.82532215321	4485.60337045735	6.67316016482706
PDE8A	339.112116366788	1470.4365187734	471.112321830608	240.249163672114	721.956056993252	226.652663425938	1000.78304511232	528.408403482232	1747.91216703571	328.910207300658	174.272144304522
PDGFA	269.794204618392	0	2710.1548970615	741.690263507496	375.645600312562	0	731.20274737486	684.273551511323	157.206283111888	277.850407978434	0
PDK1	1710.51546658432	3025.22742306455	2401.34511953502	987.076333639704	2187.41522338193	348.795306195993	3315.20653772794	1910.37012990083	1364.21798565845	1468.8202271693	11305.1032992361
PFKFB2	775.228890573896	852.950279461831	0	316.775898372496	582.03001789963	9925.51319195644	1404.25188537157	83.9372149632075	969.438745856644	225.08861534547	498.177072304974
PHACTR1	7219.9758458402	69.1827334462104	199.158270161627	131.320403608058	107.994865051849	6671.00869986228	1966.17804110694	203.135725710046	216.410572424859	132.755478237782	1223.49825022041
PIK3C2B	8181.13033060804	2716.63601992948	2732.13098204485	590.87595846113	1557.87784898112	230.877145807458	697.956013331151	844.737998990454	1826.26337544564	1880.91535753242	1439.09265554559
PIK3R1	840.90912765328	6472.53020675928	2993.32590877407	2722.29699274959	11148.1333892345	1353.12007411579	1416.76167343548	2124.10979600957	8766.26574865587	6713.29986505321	617.267315246503
PKIG	8612.39687192313	57.9557109132728	314.761633876135	378.155344793113	488.053717061242	3662.62622477846	586.720330276437	326.550260952753	228.503363433466	127.223999977874	1624.14452011637
PKMYT1	531.706780787257	0	1138.63590319992	7290.32399127622	0	120.856930740897	3753.61262393143	7017.63665253276	378.403585310988	335.079933052093	381.910089433179
PLAT	221.493968735399	2198.06895212433	742.379620843859	224.179866540536	791.010465896598	98.8161530981803	203.312231236783	518.059979719645	600.356686948125	810.999812567987	0
PLAU	35.3662815042836	0	62.2655741194973	0	35.565616615633	2196.73083839077	7681.46067441056	0	79.3589409939821	0	57.235181413709
PLBD1	0	53.7076483332423	37.5424785132263	75.7364413988297	136.291596519762	137.020167678889	6511.51373845211	73.0777579283938	101.529057843095	0	690.6720770596
PLCG2	11614.2868460067	713.977946486549	324.147253504442	913.447341045015	1246.09459675211	3967.52364883605	2132.07360894538	1224.30796193671	3235.07352794833	1856.66195285436	9797.73908200416
PLD4	2639.94134451689	0	43.723252414794	0	65.4199663294856	17041.7456002016	555.953013686835	185.632836136287	256.971808932894	0	392.433149693099
PLEKHD1	115.799310296883	0	34.7954678903073	0	154.983015471043	4455.17585418116	0	0	0	9.36096320907435	0
PLEKHG1	4409.46797795408	344.396502023898	877.898811574529	300.57488569066	212.355287529838	0	62.6616411128888	209.523641612877	168.291341536445	973.114675416047	239.977105927435
PLVAP	0	0	80.5789782722906	0	0	7170.78333291089	58.6044125516226	0	18.6430528049355	0	0
PLXDC1	157.430475953354	1518.98580540232	221.134355144979	84.8248143666892	3585.63720215419	748.468074117258	75.1714291767928	38.9662870072729	2326.85453657276	536.766140374877	32.3391607987773
PLXDC2	172.991639815238	259.131817381858	140.097541768869	3.29288875647086	180.943319570045	970.896255161675	7591.41274050913	42.6712782309152	917.54051777804	95.9498728930121	25.1526806212712
POLQ	385.593514915275	0	223.881365767898	2872.97958224569	0	4.591828675566	1365.82091483291	3511.43737178654	236.56522410587	0	228.427405642157
POU2AF1	9825.56137403864	2058.18632002476	2493.36997540281	1244.05337219469	0	73.8366051031012	46.3200260744556	1641.43887039161	668.882502663563	3752.6825010196	13356.843389914
PPM1J	0	0	0	0	0	5042.01155891849	52.9693728831974	87.8977228229631	0	0	0
PRDX4	2753.92181747927	3470.06026180203	3242.61712280397	5291.67223164866	2004.13547644297	2974.9539623257	7778.04525432737	4767.17387996518	1257.90219804112	2191.52913674261	20776.884173189
PRF1	156.21791773035	3108.06464337515	6495.9933705477	10604.1555202382	10608.6782700573	130.591607533097	301.023819087277	7064.26843862344	11198.1764071159	14901.1641846995	224.834165553404
PTAFR	1288.34311194176	91.0299124292242	22.4339200871718	105.372440207067	0	86.1427059536181	7268.18686512825	74.9941326992433	281.157390950108	64.0374983166222	553.358973667967
PTCRA	0	0	0	0	0	7877.74127580103	98.1623910239678	0	0	0	157.332583886115
PTGDR	0	1075.36669883057	185.194299495122	208.242284959217	954.300778679321	71.6325273388296	60.4076252455187	0	4279.58835131674	668.245123629603	232.533965743589
PTGDS	139.444195645461	400.531614688587	0	18.8353236870133	775.693886478186	13778.2411239033	75.1714291767928	76.9105074700927	1367.49311655662	0	0
PTGER2	267.369088172384	3703.40027066227	1250.11875098005	601.544918032096	3936.10130749072	0	1691.30080608115	141.556216406749	3960.89292161075	1127.57056836577	6.41650015848755
PTGER4	3299.16883175674	17965.3600839903	6206.18374982974	4943.54803231457	12437.841296873	2934.54586998072	4665.58744386937	3802.47082031955	11140.231783533	7208.57991847878	168.882284171392
PTPRM	486.640033498942	3009.75233795158	1387.469282126	230.50221295296	520.763700225984	947.386092342777	1810.53824546503	657.316546401374	1155.61734075999	205.090193944265	265.899766567724
PTPRS	1103.22588989648	404.779677268617	328.26776943882	131.452119158317	19.7298311152417	12898.8140959589	38.4309705386602	225.3656730519	153.931152213724	286.147625368295	2238.3319152868
PXN	626.690508255905	7049.0529854777	5089.75284916508	1413.30785427729	6635.97293378695	596.93772782358	3222.6791863724	2255.95638024402	7509.62321634482	2048.56169864038	364.457209002093
RAB20	183.702570785107	1167.91377646695	0	62.9600330237228	221.181790923499	375.060566220231	5959.61795332654	53.7862519018423	74.5722112197419	0	0
RAD51	628.913531664745	265.807344293335	0	6384.12100549544	77.1021031740366	113.326331712969	2915.68222523659	6176.09261149373	25.4452477472768	375.076775854502	281.299366948094
RAD54L	428.639331831917	96.1882741335469	151.085584260545	3142.07445142449	125.128665757191	86.693725394686	1455.86884873435	3958.71924330281	0	253.171504972693	363.943888989414
RALGAPA1	1924.93617901886	6417.60882626031	3328.00336966636	1607.32485980855	9032.62820820683	1856.93551639889	1209.05411125732	2152.47214261814	8305.98389089078	3400.79538402394	1592.57533933661
RALGPS2	9629.32903494916	585.625769961343	738.7169400133	0	262.199071399922	773.814968406382	0	328.977668995829	552.23745605971	151.902902983616	5116.26056637164
RAMP1	443.190030507965	280.978996364872	166.880895342329	390.273175416926	0	263.938312271534	0	261.39351874387	2470.45642979996	345.079143752695	0
RASGRP3	10028.866969429	888.755378350659	700.258791292434	123.680901693045	558.925347251518	826.161815307834	2385.08689005767	745.725302496564	1203.98850479441	12.5522006667133	5558.99907730728
RDH10	61.8404693732044	530.400956420946	2247.05468954774	1631.1653744054	516.610051570144	195.795574726134	382.393791899337	1721.92661076729	1186.10125142752	3284.63434056588	285.662587055866
RGPD4	150.963498763999	70.3964656119334	103.699651015192	75.0778636475355	149.271748569263	85.4080133655276	11.9462840970615	90.5806475021524	647.720118398501	267.000200622461	76.9980019018506
RIN2	254.233040756507	16.9922503201219	29.5303641963792	78.8976146050417	421.595338567796	480.856298905271	6467.8985314185	227.920839413032	187.438260633405	188.495759164543	112.673742783041
RNF125	443.5942165823	6448.55899648624	2839.03547878678	2070.04158786784	6933.21841572052	808.161846899616	738.415598150445	1708.76750400746	5073.9335606946	1905.807009702	102.150682523122
RPL35P1	1103.22588989648	3812.02929949448	1113.68389004174	945.981081958947	878.756293751225	991.100301334165	582.888503301908	884.470835906067	1831.05010521988	1480.09593285296	599.814434815416
RPL5P24	676.203302361902	2121.60382568379	817.006742766491	541.746058214585	698.85138634514	686.386550423605	293.360165138218	462.996144637236	853.297565544817	938.862060037389	194.804944811682
RPS18P9	1778.21663403538	4424.66061014316	1628.51946428715	1206.38272482066	2466.22888940521	948.488131224913	831.393752679461	771.787999380117	2338.44346128934	1085.02073559725	647.039875981885
RPS3AP47	1086.04798173726	3605.39139828014	1561.90445668136	1247.8731231522	1923.65853373606	1924.52723450322	344.639026120888	785.585897730233	1925.52503497462	1011.19677574387	278.21944687202
RPS3AP5	2462.50365788397	6924.03857240823	2692.98608066826	1258.93722937394	3266.06585869547	2761.89311177944	680.71279194577	1127.46715684978	2927.96702295892	1827.72806657177	1017.14360512345
RPS4XP13	1489.62777696042	3973.45567753564	1868.42505868874	651.991973781229	2083.31440394493	1379.201660993	603.287346901607	790.185197180272	1537.54799011515	1712.41801976908	468.147851563252
RPS4XP14	988.234951748267	3282.84207523926	1391.13196295656	692.033501059915	1089.81356607611	932.32489428692	355.232900697528	484.715058706864	1594.73681426002	1157.99369879527	305.168747537668
RPS4XP16	607.693762762175	2545.19635152111	1119.40682883949	542.404635965879	939.2438023019	809.81490522282	238.700280354494	496.085549013904	984.30280147139	626.759036680296	232.533965743589
RRBP1	838.484011207271	1641.57275414034	2555.86446707422	1975.07467613122	2040.47990218157	8468.43411662584	3342.36742892975	1461.04412529565	2622.6240499916	1466.26723720319	10025.139847621
RRM2	610.320972245351	20.3300137758601	364.207825088677	10328.0797268957	0	12.8571202915848	4137.24612455782	10661.0483668718	760.838100958177	281.467143763758	746.367298435272
RTKN2	598.195390015311	1461.33352753048	6445.4025915756	454.023501742202	0	64.6529477519693	263.607155688933	2023.30848306289	751.012708263684	2185.14666182733	49.0220612108449
S100A8	0	218.775222871569	548.25753682425	0	448.334451789768	249.979153097813	7351.92355460105	119.454027382951	837.677710492033	0	1019.96686519318
S100A9	70.7325630085671	487.920330620642	649.439094768433	0	578.655178366759	260.448522478103	9668.60106308404	181.033536686248	716.497867259952	0	1097.47818710771
S1PR1	2275.36550546702	12097.268495761	2034.16136627152	1221.13486644965	8248.62702441696	0	914.116135011944	2468.03518821803	7675.89909271316	1389.67753821986	152.456043765664
S1PR5	0	0	183.820794183663	188.748383520909	1788.14574633927	0	51.8423649495123	87.25893123268	3746.7497475	79.7809364409746	11.0363802725986
SAMD3	389.231189584287	5273.66626006639	3743.71764393477	4759.54140860298	6876.88455582569	105.795732685041	166.797174185387	3771.55330734985	8865.27547503884	6444.38492195616	257.173326352181
SCAMP5	430.053983092088	343.182769858175	0	0	0	7232.13016401645	32.6832300768665	159.570139252734	0	148.286167198291	1662.6435210673
SCIMP	8440.6177903309	739.466321966731	116.747951474057	16.5961593326131	41.5364865584035	151.346673146655	4704.92002075498	118.431960838498	722.292329618243	85.3124147008821	40.2956209953018
SCML4	1330.37846367256	11047.3901724107	3066.12169028142	2993.10416408175	8955.78570807378	265.591370594737	196.888286014778	1517.25778524057	7210.3266388818	4868.12636704634	0
SCN9A	7.27534933802405	205.727602090047	0	3.68803540724736	135.772390437782	4202.07425758396	526.312705030918	6.38791590283162	0	9.14821404523175	0
SCT	0	0	0	0	0	3175.15769258038	0	0	0	0	0
SDC1	0	0	0	42.148976082827	12.7205490085111	0	40.1214824391878	125.330910013556	227.495630849415	0	11231.9551974293
SDF2L1	980.757509373075	2195.64148779289	4249.8543512076	6521.89547106618	3292.80497191744	4116.48257107141	6134.30418304773	6588.24094554442	2529.40878596692	4027.76716986808	16690.3435522515
SEL1L	3414.56395597929	2964.84424781983	4527.07350657051	2351.51771877097	4251.2593992526	4323.48220776592	3779.53380640618	2430.85751766355	2134.88147931112	3541.63533048774	11358.745240561
SERINC5	500.180266989153	8100.1450409938	2630.03375389303	1062.41762838776	3789.68519237234	103.959001214814	1982.0688529719	1138.07109724848	3033.02314484619	2724.67854133216	106.770562637233
SERP2	142.273498165804	0	161.615791648401	366.696091920594	0	0	0	203.263484028102	0	1344.78746464907	0
SERPINA1	230.386062370762	125.92471219376	275.616732499539	0	475.592771093721	330.979010934797	10429.8949222883	75.760682607583	478.421044278006	0	242.28704598449
SERPINF1	149.144661429493	0	0	286.613037363223	362.405845222071	19624.1900473399	2813.12450327125	291.544481805235	337.338482510927	0	215.081085312503
SERPINF2	50.5232592918337	0	0	0	147.454527282333	4774.76713000055	443.139519524962	37.8164621447632	0	0	172.988844272824
SERPING1	147.932103206489	253.973455677536	0	224.575013191312	0	7973.2513122528	2445.04371212972	74.0998244728468	240.596154442073	108.289324395883	53.1286213122769
SH2D1B	0	121.98008265516	0	177.157415098132	0	0	30.9927181763389	238.013746539506	4610.62850517735	776.321698861643	38.4990009509253
SH2D4A	0	1256.51622456473	59.9763986003981	63.2234641242404	0	0	579.394778707484	94.2856387257948	0	0	13.8596403423331
SIGLEC6	911.439597624679	0	0	0	0	6246.17271079892	85.4272013733268	0	0	0	38.7556609572648
SIGLEC7	0	38.8394293031357	148.109656085716	0	0	0	5448.74525698711	0	816.515326226971	189.985003311441	0
SIGLEC9	0	0	21.7471674314421	30.162861009273	410.692010846215	330.244318346707	6535.51900743961	0	509.156888091549	47.8685618645847	0
SIL1	2754.93228266511	1362.71778906549	2250.7173703783	1707.42867800527	1371.74246859128	3130.15777155983	5908.67719472398	3078.59219021067	2631.44171010204	2091.32428057275	10797.9431267092
SIRPA	340.930953701294	190.252516977079	28.8436115406495	120.388012936574	75.0252788461164	370.468737544665	4992.98324860488	105.911645668948	24.9413814552515	161.902113684218	4.87654012045054
SKA1	171.576988555067	0	0	3800.12534051763	195.740692906477	0	1708.09322429306	4667.2668752449	295.517580272829	261.468722362554	231.507325718231
SKA3	212.197689025701	0	76.0006272340922	4311.57682217268	0	334.468800728227	1926.84546422133	3958.4637266667	0	164.242354486486	180.175324450331
SKI	283.940717220105	1736.24386306674	884.308503028007	284.900735209858	2433.25930319948	438.244128796019	846.382958197473	406.143693102035	1570.55123224281	382.31024742515	87.0077421490912
SLAMF8	0	260.648982589012	112.856353091589	531.07709864362	276.217635613384	52.8978663425203	7880.94107867282	392.984586342201	539.892731905091	969.923437958408	29.5159007290427
SLC11A1	296.874671598815	363.512783634035	289.122868062224	0	462.612619044219	222.795527338462	7729.69661397228	114.088178024573	428.790214513516	201.686207322784	122.426823023943
SLC12A3	571.72120214639	0	0	0	0	8161.14894165696	0	96.7130467688708	0	84.4614180455117	288.74250713194
SLC17A9	3747.00700211955	260.648982589012	0	1875.89286678632	405.240346985425	0	5077.28344204452	1384.26137614361	2018.7402989993	992.262100161881	11172.9233959712
SLC27A2	0	537.379916373854	1746.41200352075	3670.78067016345	827.61449467619	0	583.564708062119	2997.2101416086	152.671486483661	3740.13030035289	161.695803993886
SLC2A14	1097.16309878146	2140.11324121106	811.054886416834	27.1334033533198	3203.50152581687	190.101707168432	242.306705742286	256.283186021605	1956.00894564215	436.986782532698	132.436563271183
SLC37A2	117.820240668556	0	184.278629287483	0	0	14.6938517618112	6592.99641205754	0	22.1701168491125	0	256.403346333163
SLC8A1	22.6344201627415	99.2226045478544	259.821421417755	0	80.9961487888869	461.937964761939	4437.48103809152	0	463.808921809273	273.382675537739	7.69980019018507
SLCO2B1	328.603278434086	283.406460696318	440.895204978499	52.9496512040514	246.622888940521	170.999699878078	6897.51395573924	93.6468471355116	509.408821237561	443.156508284133	5.13320012679004
SMAD7	441.169100136292	1566.32135986552	1275.75751679396	595.881149370966	3855.8839678248	110.387561360607	1170.39773913192	417.769700045188	2699.21172637944	501.237030013163	388.839909604346
SMIM14	12462.471322998	953.083183133978	648.981259664613	0	668.218227508317	8932.208812858	3082.14129704187	279.918474862082	1698.53327041723	696.115264092983	1747.85464317201
SMIM5	307.989788643018	218.775222871569	0	58.0865576641459	159.136664126884	7161.04865611869	0	122.647985334367	0	0	151.172743733967
SMPD3	780.483309540246	450.294633483229	827.994785258167	117.49027083088	532.965043152515	13330.9970109032	40.0087816458193	214.889490971256	415.941624066871	96.8008695483825	177.865384393275
SNX29P1	4739.081721574	218.775222871569	315.219468979955	39.9098117284268	0	1578.30335236554	120.364447317563	229.964972501938	0	61.6972575143537	815.152180134259
SORL1	6211.12740430086	12691.086957841	4604.21872156415	469.434221122485	8862.84781939936	4612.9510874736	2586.8213101873	1185.21391661138	8963.02553569175	1624.55261510208	401.672909921321
SPAG4	311.425370274863	559.530528398298	157.724193265932	787.52727499757	448.074848748778	1177.89589185619	1048.79358308731	227.282047822749	1433.49960081193	466.771665470662	11208.5991368524
SPATS2	1651.10011365712	280.978996364872	0	1119.97732385087	288.938184621895	3701.74860509429	1517.96698588039	1087.22328666194	218.42603759296	370.183545086122	7046.85713405737
SPC24	370.638630164892	50.0664518360733	0	6249.50771313091	212.095684488848	85.5916865125502	2932.70004503524	6916.83533958608	500.339227981106	341.036909639686	326.214868057507
SPC25	575.358876815402	0	30.4460344040189	4775.61070573455	0	0	2208.59744764259	6187.59086011882	323.482159480232	0	412.965950200259
SPIB	11343.6842692397	49.4595857532118	340.629317241956	142.121078729282	0	16429.9303474692	64.2394522200479	409.72092600762	73.060612343666	17.0199331074079	6.41650015848755
SPOCK2	1859.05384890231	15985.4594886546	17808.8698683839	3069.23575213136	13309.0691024355	517.774601456822	506.251963811324	5931.30767409722	8733.76637282024	10077.2896437324	233.560605768947
SPP1	203.103502353171	510.070942645087	240.134511953502	410.820801257304	248.959316309431	450.917575940581	12310.1949588484	311.985812694296	840.197041952159	312.315772520935	61.5984015214805
STAB1	263.327227429037	277.641232909134	116.747951474057	51.3690646009453	271.544780875563	229.958780072345	5963.56248109444	0	224.220499951251	80.8446822601875	39.7823009826228
STAP1	10795.0016733303	601.707721157172	566.113105873223	438.085920160883	51.9206081980044	6460.15192708029	63.6759482532053	787.118997546913	1645.62730975457	192.112494949867	3185.6639986859
STAT4	2096.91735364826	14001.0073976976	13263.4829576606	5115.5685409526	16314.493507977	6957.17146292355	513.014011413435	4431.42502011235	14520.6707367306	10616.3960249095	1067.70562637233
STEAP3	0	0	92.0248558677864	0	0	15.795890643947	6450.09180606628	195.725743262761	15.8717881987964	44.039076915418	0
SUSD1	442.987937470798	610.507279358664	173.977339451536	49.5250468973217	0	10779.9606719058	598.328511993393	73.5887912006203	672.661499853753	71.058220723428	0
SVIL	263.731413503372	2900.51644303652	384.12365210484	300.57488569066	2523.60116146401	764.814984202273	381.266783965652	400.650085425599	1256.64253231106	352.099866159501	95.9908423709738
SWAP70	12262.1971231652	1245.28920203179	1030.35790114653	378.55049144389	252.593758883292	1895.87422356769	3941.25944488999	1096.16636892591	1186.10125142752	145.520428068338	920.126122727115
SYTL3	825.145870754227	3808.69153603874	6252.19617776364	3581.08238043718	8623.75341864755	964.835041309928	1038.65051168414	3212.48290753402	8175.98638754825	7395.58643349642	1332.5787529147
TBC1D4	938.115878530767	5474.53893349355	9550.89810078553	3542.22629311083	1826.04779032382	2071.28207897431	1022.53429823245	1990.21907868622	2131.85828155897	5205.75929006455	0
TC2N	1021.37820984371	14737.43938925	3547.07746684415	2426.72729796876	12398.9008407244	17.4489489671508	329.199017429403	3668.45234467814	11186.0836161073	4526.02571158745	69.2982017116656
TCF7	2041.34176842725	17858.5516534066	5876.77139263137	2044.22534001711	12602.9488309426	832.957721747672	642.619923787215	2296.71128370408	8107.46057183282	4350.5076514173	196.344904849719
TCL1A	9484.22623426301	0	468.136393655779	0	314.898488720897	14980.0145248725	0	254.750086204925	0	47.8685618645847	387.043289559969
TCTEX1D2	731.980980620086	1371.21391422555	1921.53393073184	1670.68003948305	368.636318205831	607.039750909825	685.22082368051	3793.39997973753	805.682200948427	1301.38663522518	255.376706307805
TESPA1	2476.04389137418	12012.6106772019	8487.11823706015	4100.56851065803	4511.64124936559	1915.89459659316	1245.00566434187	4373.16722707853	4239.02711480871	6656.49583830723	337.764568342785
TFEB	5304.13385349387	61.5969074104417	143.302387495608	688.608896753185	582.28962094062	740.570128795284	1625.25814116721	759.012167574453	788.298813873555	239.555558486766	955.031883589288
TGFBR3	103.87582110401	3727.3714809353	2133.74050135233	861.814845343552	4222.18385866172	232.530204130662	149.215850419901	626.399033431669	4860.79811916791	1060.55458175536	7.95646019652457
THBS1	0	325.583653455192	0	402.654437141256	2638.0861025406	47.5713450788637	572.858132692111	555.876441864408	1347.84233116763	719.730421279512	2.82326006973452
THEMIS	105.492565401349	7511.78837365958	3795.45301066641	3990.05916399086	8689.43298801802	133.897724179505	166.797174185387	2356.50217655459	3082.90590775669	5461.48378500335	118.32026292251
TIGIT	1000.56262701547	5798.60542174158	15982.1078041427	8507.5073912181	5321.60273725446	747.733381529167	300.234913533697	6282.89856538907	4303.01813389592	14799.4700843827	335.967948298408
TIMD4	0	418.13073109157	144.218057703247	2860.20317387059	433.277475412347	0	730.301141027912	2366.97835863523	258.735340954983	3335.26864156042	102.407342529461
TK1	1219.63147930486	65.8449699904722	1252.86576160297	8936.76836951164	191.327441209646	898.8963815288	5508.25127588568	9014.49916375793	45.8518325743008	877.803050014563	854.677821110542
TLR10	8702.73245953693	57.9557109132728	313.159211012766	6.58577751294171	117.85978060947	2779.34206074659	96.9226822969143	79.593432149282	0	0	373.696969230315
TLR2	166.726755663051	19.7231476929986	33.8797976826676	0	487.274907938272	29.0203572295771	6447.4996878188	150.2437820346	139.570962891003	149.562662181347	36.7023809065488
TLR4	199.465827684159	0	184.965381943212	0	246.622888940521	43.346862697343	4238.90224017621	0	278.638059489982	0	3.59324008875303
TLR7	1394.23986341744	13.6544868643836	12.5904653550454	0	0	9257.86130252914	1220.77499376765	63.8791590283162	462.045389787185	127.223999977874	927.055942898282
TLR9	3074.03718835233	48.8527196703503	466.07613568859	33.9826119667792	177.308876996185	9436.20792828813	137.044164736102	356.956740650231	332.551752736687	695.689765765298	1430.62287533639
TMEM63A	3738.72118759569	9830.32024323193	2961.27745150668	824.407629070043	3820.83755729115	5094.17473267292	3018.12724640856	917.432481964678	3272.10770041219	2261.31086248298	2342.02255784796
TMEM71	101.248611620835	3592.04034445719	1007.92398105936	926.223749420122	3857.44158607074	49.0407302550449	2225.61526744124	527.258578619722	3779.24912333564	728.027638669373	114.470362827418
TNFRSF17	2657.11925267612	0	0	34.3777586175557	134.993581314812	3486.8510230778	0	164.169438702773	0	0	13081.1905431054
TNFRSF18	179.458617004593	3756.80448595408	17538.5182395782	2997.97763944133	1299.83242623704	295.346420412405	651.974089636801	4877.68482508417	5989.45861330454	7160.92410577803	2203.42615442463
TNFRSF21	114.384659036711	0	136.66377849022	0	11.162930762571	10566.3488019184	2215.24679445133	226.643256232466	0	8.50996655370395	0
TNFRSF25	1183.05263957758	14043.7914565393	9773.17704369006	1434.11891121819	5730.99673289573	100.285538274361	494.531081301	2814.64350510567	6473.67411994084	4452.83999922559	12.8330003169751
TNFRSF4	0	3769.85210673561	14180.9845057155	750.778636475355	626.681740949913	1100.38582381264	514.366420933857	3348.67327458239	2583.32247921363	3164.64381215866	813.355560089882
TNFRSF8	42.8437238794749	0	3242.61712280397	687.950319001891	0	39.1223803158223	155.3016932618	1546.89771502971	231.274628039605	578.890474815711	0
TNFRSF9	0	634.478489631693	6264.09989046295	7491.71706762197	1109.02419110937	17.8162952611961	1030.1979521815	4124.16626518615	1380.34170700326	7863.84734311398	209.691225179373
TNIK	1423.74544684387	6022.53900631748	7322.38573294249	1583.61606076196	4160.13873186511	13.5918128796754	783.608616291215	2261.70550455656	3799.90764130867	2853.81728378462	319.285047886341
TOP2A	1245.49938806228	229.091946280214	1476.51820981896	7837.73381815193	242.988446366661	163.652773997172	2794.07806919198	8018.75083282454	730.858056582673	1567.74858835611	437.605310808851
TOX2	260.497924908694	1284.73549741778	3835.97141735447	1565.04416817547	0	2184.7920838343	117.546927483351	2450.1490236901	1026.87950314753	3826.29371170914	83.6711620666777
TPD52	10855.023305369	3084.09343310212	2098.4871983582	2181.73637448733	3612.37631537616	3436.89192708764	2620.29344581774	2086.29333386481	3417.72505880749	1667.1024478706	13437.9479519173
TPM2	0	621.734301891601	62.4944916714072	103.791853603961	47.5073565011741	8962.14753582269	471.652820247193	340.475917620925	0	295.50858857737	0
TPX2	1124.44565879905	63.1140726175955	1074.31007111324	6224.61347413199	105.139231600959	406.101328067057	2776.38404463312	6690.57535830778	267.0491347734	1970.48275551015	268.723026637459
TRABD2A	337.899558143784	4971.44695080137	1493.22919110838	873.669244866847	3114.97688883928	895.40659173537	404.03234422609	1094.88878574534	1240.77074411226	836.104213901413	0
TRAM2	845.355174470961	702.750923953611	530.401967775276	348.914492635652	484.678877528371	416.75437059437	866.443699417066	415.853325274339	779.985020055138	24.2534046780563	6881.31142996839
TRAT1	757.242610266003	10685.6979870252	5530.19021903976	4786.016234205	7202.16716618619	18.7346609963093	253.351383492399	4844.5954207075	3456.52276329344	8114.04035979288	160.155843955849
TRAV41	0	1103.2825386422	526.052534288988	138.95990552307	700.40900459108	0	0	239.674604674242	0	2024.30829396233	0
TRAV8-2	229.173504147758	3762.56971374127	1037.68326280765	846.799272614045	1672.62239309871	36.9183025515506	23.7798674007546	865.562604833685	305.594906113334	1013.74976570998	0
TRDC	159.653499362194	2651.09448298044	259.134668762025	1872.07311582881	889.659621472806	190.836399756523	66.718869674155	4865.16450991462	12469.4310618957	8908.44573758114	138.853063429671
TRDV1	0	2563.09890096552	0	1474.16043849687	469.62190115095	0	0	4438.0684526513	1216.58516209505	6588.84160420528	0
TRDV2	0	394.766386901402	0	47.5493136434392	725.590499567112	0	0	147.433099037354	3965.42771823898	520.809953086682	0
TREM1	103.87582110401	0	273.78539208426	0	351.2429144595	0	8205.29396198737	209.779158248991	108.835119077461	0	149.889443702269
TRGC1	114.586752073879	3537.72583004108	307.894107318838	2196.35680056606	4742.42835280572	0	15.3273078981167	2781.80961736512	6570.16451486368	5325.96256763562	22.5860805578762
TRGC2	259.28536668569	4977.81904467141	1423.40933777586	4167.34829463926	8699.81710965762	55.8366366948825	100.078304511232	5160.79725789767	7844.94623368764	9883.68790463561	342.897768469575
TRGV9	319.711184798723	610.203846317233	281.339671297287	1005.91165732672	1363.17556823861	123.979374240282	66.718869674155	721.323463747747	4135.48259179751	1171.39689611735	68.5282216926471
TRIB1	1811.56198516799	87.3887159320553	1096.28615609659	1250.1122875066	748.954773256214	2567.93426852353	2143.23098748886	2169.59175723773	1503.28508225743	1607.31993283083	6406.49041824031
TRIM16	629.721903813415	951.262584885393	2916.40961133233	389.351166565114	467.54507682303	136.285475090799	1893.37332859088	634.831082423407	319.451229144029	349.334127029547	538.986013312955
TRIM16L	310.414905089026	229.698812363076	1138.40698564801	190.197254573757	318.273328253767	132.428339003323	362.896554646586	109.488878574534	130.753302780561	106.587331085142	99.5840824597268
TSHZ2	374.276304833904	2041.19406970464	2757.54083030685	665.822106558407	230.26789735815	2.20407776427168	72.2412085492117	1206.54955572684	506.637556631422	1098.84943124702	169.652264190411
TSPAN13	4170.59400802228	0	1791.50876124701	386.585140009678	56.5934629358248	16229.9102903615	119.12473859051	508.094830911227	0	435.284789221957	3687.69097108597
TTYH2	41.0248865449689	720.956906439456	0	0	382.395279378303	5192.9908857711	1425.32693373148	118.048685884328	344.392610599281	0	42.8622210586969
TXNDC11	933.265645638751	1278.05997050631	5502.03336015484	2256.68252258461	853.055592693213	2166.42476913204	2243.9854967603	3142.08807428482	2429.13939385389	3599.29035388909	11637.9913274584
TXNDC5	2552.83924549777	74.6445281919639	764.813540931031	1252.74659851177	429.383429797497	5836.21424664438	1953.10474907619	1136.92127238597	592.546759421733	679.733578477103	16082.5726572395
TYMS	526.856547895241	314.053197880824	1517.95228671466	10157.3763737603	384.731706747213	570.121448358274	4872.05529732047	10324.9162320648	1324.16061544244	1974.52498962316	938.09232317088
UBE2C	966.408903734194	0	182.676206424113	8607.61120941482	0	128.571202915848	3312.5017186871	9173.30275310232	238.328756127959	628.461029991037	463.527971449141
UBE2T	908.408202067169	584.108604754189	1088.27404177974	8364.85945028779	1559.17586418607	467.631832319641	3578.58829183014	8984.47595901462	342.881011723205	1831.55755152093	1262.25391117767
UHRF1	430.66026220359	371.098609669804	431.051750246373	5958.15291595837	370.453539492762	644.876419196489	3236.87948633683	5906.39480207618	474.893980233829	467.40991296219	20.0194804944812
USP6NL	4699.26939325203	705.178388285057	116.747951474057	0	472.21793156085	582.978568649859	1676.98780532335	117.409894294045	328.520822400484	191.474247458339	1899.54070691866
VCAM1	67.0948883395551	40.3565945102894	210.146312653303	5211.98432374207	1085.40031437928	66.6733523692183	468.948001206349	2969.99761986253	984.554734617403	5545.09420639349	139.623043448689
VCAN	0	242.139567061736	59.5185634965783	0	57.8914781407749	26.6326063182828	5750.7833832147	0	43.3325011141743	12.3394515028707	158.359223911473
VPREB3	11006.9972693189	0	0	0	0	0	116.307218756297	434.506039710607	0	0	2554.7937031034
VSIG4	186.53187330545	50.0664518360733	0	83.5076588641009	254.410980170222	211.040445929013	9157.16486277777	0	464.564721247311	236.151571865285	47.2254411664684
XBP1	2500.49714887143	5090.69613608365	2648.11824049391	2173.17486372051	4470.10476280719	7339.21160873065	3982.95873843633	2746.03728830926	6200.83052280914	2829.35112994272	20006.3908341579
XCL1	0	1484.39443867922	728.644567729264	4793.3923050195	4265.79716954804	162.734408262059	0	1063.07696454924	5416.8145724178	3773.74466824002	0
XCL2	0	1022.26591658019	382.29231168956	6159.54599230412	5780.06170764284	85.4080133655276	92.8654537356481	1912.03098803556	5922.44439646518	3444.83446093936	0
ZBP1	1704.04848939497	2838.61610258464	3911.97204458856	1086.65328963538	2174.17546829144	64.6529477519693	113.376998128716	1435.10918673015	4553.6916141785	3989.04682204873	11173.9500359966
ZBTB16	215.431177620379	553.158434528253	1153.05770897025	0	460.795397757289	0	254.929194599558	94.2856387257948	2545.78444045774	504.853765798487	18.4795204564442
ZBTB32	1077.35798113906	412.062070262955	3194.54443690288	1785.66771485902	821.12441865144	0	58.0409085847801	2761.36828647605	577.178837514962	4415.60889555314	1206.04536978932
ZBTB4	971.057043589043	1337.53284662673	740.31936287667	610.501575449697	2840.31687147183	1262.93655892767	877.601077960548	586.027404925773	1369.25664857871	1095.2326954617	542.065933389029
ZBTB7B	504.626313806835	1978.07999708704	2658.19061277795	50.84220239991	596.308185154081	49.5917496961128	1121.8236971901	515.377055040455	1125.63729638448	798.447611901273	468.147851563252
ZFAT	1985.3619971319	453.935829980398	1033.56274687327	698.092416371821	889.140415390826	13275.1603742083	593.25697629181	694.238700319741	1041.74355876227	571.869752408905	3056.56401549713
ZNF683	28.6972112777615	1133.9292758267	264.170854904043	1220.60800424862	5799.27233267611	0	0	623.205075480253	3497.33593294749	1419.8879194855	0
ZNRF1	341.94141888713	970.37886649553	3392.32920175305	628.283174734639	427.566208510567	0	46.7708292479296	1473.18116551103	893.606868906839	764.833244014143	151.686063746646
ZSWIM4	342.143511924298	931.842870233825	869.199944601952	194.939014383075	804.250220987089	411.978868771781	889.772763644347	198.280909623894	1660.23943222331	404.223411300938	136.286463366276
ZWINT	498.765615728982	393.552654735679	724.295134242975	8601.94744075369	438.469536232147	0	4833.39892519507	8434.98743305304	243.115485902199	642.927973132334	877.777221681097
